#file	type	true_z	true_x0	true_x1	true_c	S2noz_z	S2noz_zoerr	S2noz_to	S2noz_toerr	S2noz_xo	S2noz_xoerr	S2noz_x1	S2noz_x1err	S2noz_c	S2noz_cerr	S2zphot_z	S2zphot_zoerr	S2zphot_to	S2zphot_toerr	S2zphot_xo		S2zphot_xoerr	S2zphot_x1	S2zphot_x1err	S2zphot_c	S2zphot_cerr	S2zsp_z	S2zsp_zoerr	S2zsp_to	S2zsp_toerr	S2zsp_xo	S2zsp_xoerr	S2zsp_x1	S2zsp_x1err	S2zsp_c	S2zsp_cer	mb_mod
DES_SN000143.DAT	1	0.553430	0.000012	0.984830	-0.037835	0.712485	0.000003	26.235995	0.000131	0.000010	0.000000	1.093367	0.227264	-0.134664	0.014372	0.505194	0.010847	24.823965	0.300836	0.000010	0.000000	1.545147	0.239483	0.084966	0.022960	0.553330	0.000101	25.253215	0.301577	0.000011	0.000000	1.541619	0.243411	0.007940	0.016244	849908.634270
DES_SN000335.DAT	22	0.352090	-9.000000	-9.000000	-9.000000	0.493448	0.004156	40.232688	0.210186	0.000021	0.000000	3.000000	0.005289	0.249917	0.016565	0.339093	0.002418	37.947939	0.168703	0.000021	0.000000	3.000000	0.010221	0.336413	0.014879	0.351990	0.000181	37.917715	0.181743	0.000021	0.000000	3.000000	0.012368	0.316176	0.014480	428146.404785
DES_SN000340.DAT	1	0.610690	-9.000000	-9.000000	-9.000000	0.710232	0.017008	28.547137	0.656808	0.000006	0.000000	0.090794	0.461144	-0.035951	0.035699	0.572773	0.020345	27.216893	0.631949	0.000006	0.000000	0.041137	0.449178	0.094977	0.039395	0.610590	0.000115	27.587650	0.614460	0.000006	0.000000	0.165034	0.443291	0.060228	0.035329	716065.223824
DES_SN000530.DAT	1	0.577400	0.000010	0.042701	-0.031247	0.827488	1.074341	19.943299	145.920885	0.000005	0.001423	-1.736306	4.432755	-0.319734	0.735225	0.567986	0.006815	22.345225	0.171423	0.000009	0.000000	0.243179	0.123363	-0.009525	0.010520	0.577300	0.000172	22.466564	0.148821	0.000009	0.000000	0.283252	0.121438	-0.019454	0.007480	1069657.055234
DES_SN001421.DAT	1	0.931050	0.000005	0.363340	-0.212650	0.773592	0.016816	27.067388	0.446337	0.000005	0.000000	0.038802	0.323850	0.041669	0.044022	0.951884	0.028687	29.311788	0.569604	0.000005	0.000000	0.461062	0.295624	-0.156630	0.019853	0.931150	0.000187	29.096541	0.434591	0.000005	0.000000	0.437281	0.292325	-0.154729	0.019432	646766.968781
DES_SN001483.DAT	1	0.724330	0.000005	0.833860	0.011591	0.460585	0.000311	-34.004148	0.001071	0.000008	0.000000	1.456905	0.010572	-0.285422	0.001471	0.751902	0.010268	30.084377	0.271867	0.000006	0.000000	1.105494	0.259195	-0.044703	0.026136	0.724430	0.000100	29.734060	0.235810	0.000006	0.000000	1.079124	0.254405	-0.005866	0.020941	620789.034113
DES_SN001566.DAT	22	0.301700	-9.000000	-9.000000	-9.000000	1.290659	0.000000	-54.499665	0.000003	0.000047	0.000002	-0.423675	0.042260	-0.320548	0.008014	0.331701	0.007471	24.343077	0.533036	0.000007	0.000000	3.000000	0.039040	0.103874	0.030862	0.301800	0.000145	23.950827	0.001790	0.000007	0.000000	3.000000	0.040542	0.164101	0.028110	943076.993203
DES_SN001770.DAT	1	0.432070	-9.000000	-9.000000	-9.000000	0.601002	0.012450	26.573940	0.699524	0.000011	0.000001	2.884116	1.195823	-0.150072	0.021257	0.507701	0.012197	20.990473	0.766720	0.000012	0.000000	-1.366054	0.454427	-0.088821	0.024678	0.432170	0.000100	19.909679	0.812275	0.000012	0.000000	-1.224049	0.492349	-0.080651	0.025219	1345330.631010
DES_SN002223.DAT	1	0.141890	-9.000000	-9.000000	-9.000000	0.694193	0.002337	3.372153	0.215157	0.000041	0.000000	-0.133078	0.039846	-0.239495	0.003259	0.181794	0.000002	-14.046053	0.000265	0.000089	0.000001	-1.091828	0.048664	0.240154	0.008672	0.141790	0.000006	-17.064292	0.000004	0.000098	0.000001	-0.408919	0.051643	0.195454	0.007180	14085.013214
DES_SN002475.DAT	1	0.541430	-9.000000	-9.000000	-9.000000	0.576217	0.000004	20.122231	0.000042	0.000008	0.000000	0.986502	0.269216	-0.036860	0.017651	0.592735	0.024297	20.771622	0.397011	0.000008	0.000000	1.114736	0.288476	-0.053306	0.030094	0.541530	0.000189	20.211568	0.280736	0.000008	0.000000	1.081040	0.276761	0.003637	0.018164	1307678.586662
DES_SN002864.DAT	22	0.469790	-9.000000	-9.000000	-9.000000	0.732997	0.000007	-48.536650	0.000022	0.000125	0.000002	-2.999999	0.003301	-0.157837	0.003543	0.387690	0.000310	24.464445	0.307447	0.000013	0.000000	3.000000	0.004898	0.075319	0.015252	0.469690	0.000036	9.714940	0.000010	0.000013	0.000000	3.000000	0.002526	-0.050673	0.012488	3736304.811020
DES_SN002901.DAT	1	0.643210	0.000016	3.546800	-0.189620	0.623977	0.009006	21.277973	0.159028	0.000013	0.000000	3.000000	0.070765	-0.155432	0.010309	0.623980	0.008995	21.278078	0.159125	0.000013	0.000000	3.000000	0.070811	-0.155438	0.010313	0.643110	0.000024	21.443042	0.137832	0.000013	0.000000	2.999999	0.093755	-0.163819	0.008493	1170068.087353
DES_SN003177.DAT	1	0.422760	0.000018	0.720650	0.038686	0.680651	0.027833	26.220813	0.401292	0.000015	0.000000	0.943953	0.184929	-0.202554	0.011732	0.473431	0.008708	24.208928	0.224430	0.000017	0.000000	1.140128	0.179274	-0.009457	0.014709	0.422860	0.000192	23.946447	0.218859	0.000017	0.000000	1.204605	0.186081	0.034452	0.013530	943417.831548
DES_SN003290.DAT	1	0.332560	-9.000000	-9.000000	-9.000000	0.787492	0.004259	23.702269	0.107120	0.000014	0.000000	0.072303	0.025241	-0.331182	0.002827	0.318913	0.002867	19.553549	0.081775	0.000020	0.000000	-0.935862	0.073693	0.091405	0.011497	0.332460	0.000192	19.636743	0.079450	0.000020	0.000000	-0.871708	0.073180	0.053297	0.007935	1381019.893513
DES_SN003409.DAT	1	0.537050	0.000014	-1.092600	-0.154460	0.567535	0.000006	27.635575	0.000272	0.000014	0.000000	-0.528785	0.107452	-0.163321	0.005693	0.508610	0.007340	26.670880	0.108233	0.000014	0.000000	-0.874669	0.093561	-0.113483	0.007834	0.536950	0.000043	26.848015	0.102718	0.000014	0.000000	-0.891786	0.094161	-0.133192	0.006229	754613.356468
DES_SN003441.DAT	22	0.268410	-9.000000	-9.000000	-9.000000	0.884412	0.019626	33.143305	0.398926	0.000005	0.000000	0.035762	0.042822	-0.389268	0.009287	0.226124	0.008644	26.189018	0.420373	0.000009	0.000001	-0.548082	0.515429	0.086094	0.052786	0.268310	0.000179	27.053292	0.495596	0.000008	0.000001	0.547051	0.669246	0.078104	0.052232	743566.067101
DES_SN003685.DAT	1	0.803190	0.000005	-0.205530	-0.071684	0.844149	0.016412	28.414979	0.879329	0.000005	0.000000	-0.340123	0.399691	-0.140593	0.044587	0.844235	0.016066	28.411704	0.879116	0.000005	0.000000	-0.340000	0.399744	-0.140752	0.044555	0.803290	0.000192	27.950005	0.826453	0.000005	0.000000	-0.278172	0.497956	-0.063126	0.043234	698344.966371
DES_SN003934.DAT	1	0.159450	-9.000000	-9.000000	-9.000000	0.620336	0.004536	20.696433	0.163073	0.000130	0.000001	-1.185186	0.068059	-0.354745	0.002303	0.195883	0.003811	14.972797	0.166184	0.000143	0.000001	-1.288916	0.143002	-0.018272	0.009459	0.159350	0.000142	14.889383	0.127215	0.000143	0.000001	-0.962938	0.116680	0.018281	0.006769	2227273.810517
DES_SN003950.DAT	1	0.581140	-9.000000	-9.000000	-9.000000	0.698426	0.006325	28.072804	0.180088	0.000009	0.000000	0.858647	0.149833	-0.059098	0.010826	0.611809	0.009497	27.339276	0.177031	0.000009	0.000000	0.872602	0.142224	0.024425	0.016035	0.581040	0.000108	27.112806	0.168320	0.000009	0.000000	0.895273	0.141411	0.058222	0.010795	740412.688197
DES_SN004088.DAT	1	0.496000	0.000017	-2.619600	-0.214200	0.511098	0.004902	23.213045	0.108087	0.000014	0.000000	-1.978909	0.084844	-0.097824	0.010579	0.511097	0.004906	23.213077	0.108093	0.000014	0.000000	-1.978920	0.084860	-0.097821	0.010588	0.496100	0.000165	23.153260	0.106637	0.000014	0.000000	-1.959578	0.085368	-0.073892	0.006727	1008250.143465
DES_SN004131.DAT	1	0.391010	-9.000000	-9.000000	-9.000000	0.719990	0.006021	27.986748	0.118668	0.000013	0.000000	0.157441	0.082257	-0.184321	0.009132	0.435910	0.016526	25.154092	0.116358	0.000014	0.000000	0.418992	0.114311	0.101276	0.010623	0.391110	0.000195	24.760927	0.110649	0.000014	0.000000	0.386301	0.109455	0.155240	0.010530	883338.824028
DES_SN004195.DAT	1	0.568140	-9.000000	-9.000000	-9.000000	0.605608	0.000351	24.701131	0.009945	0.000006	0.000001	-0.198763	0.715977	-0.049392	0.417476	0.554103	0.026239	24.205627	0.485195	0.000006	0.000000	-0.387509	0.387834	0.005110	0.047797	0.568042	0.000151	24.322134	0.437089	0.000006	0.000000	-0.352773	0.393555	-0.010670	0.036085	914899.118738
DES_SN004289.DAT	1	0.498870	-9.000000	-9.000000	-9.000000	0.723212	0.000012	29.770232	0.000496	0.000009	0.000000	-0.159104	0.142942	-0.242745	0.009411	0.476724	0.014153	26.582793	0.277355	0.000011	0.000000	-0.934397	0.196096	-0.039565	0.016039	0.498770	0.000170	26.773593	0.246420	0.000011	0.000000	-0.976198	0.198227	-0.059460	0.014291	758677.520967
DES_SN004440.DAT	1	0.360990	0.000023	0.248460	0.080247	0.567737	0.005292	23.475272	0.135528	0.000020	0.000000	0.004588	0.113668	-0.151153	0.010995	0.347741	0.004709	21.990961	0.123781	0.000021	0.000000	0.239089	0.118537	0.144850	0.013897	0.360890	0.000146	22.086121	0.120763	0.000021	0.000000	0.318578	0.113576	0.122501	0.010528	1105789.671829
DES_SN004881.DAT	1	0.486250	0.000020	1.521400	-0.095778	0.501802	0.005783	25.241188	0.291304	0.000015	0.000000	1.936433	0.192596	-0.060949	0.013297	0.546110	0.214358	25.699262	146.567423	0.000015	0.001424	1.725918	4.430967	-0.132496	0.672407	0.486150	0.000161	25.122178	0.288249	0.000015	0.000000	1.978257	0.191296	-0.043947	0.010846	858591.938861
DES_SN005039.DAT	1	0.341260	0.000030	0.238170	0.013649	0.677854	0.006188	22.071966	0.130651	0.000020	0.000000	0.186291	0.085217	-0.291101	0.005594	0.369624	0.003217	19.015482	0.124925	0.000026	0.000000	0.030627	0.102091	-0.018003	0.009915	0.341360	0.000169	18.715964	0.117579	0.000026	0.000000	-0.039131	0.105489	0.027787	0.009225	1511379.340892
DES_SN005417.DAT	1	0.671600	0.000005	0.093409	0.065413	0.744410	0.008667	23.467933	0.246125	0.000006	0.000000	0.459447	0.198159	-0.053258	0.021488	0.617400	0.003571	22.112939	0.228561	0.000006	0.000000	0.372270	0.182912	0.052815	0.018253	0.671500	0.000180	22.686320	0.226558	0.000005	0.000000	0.441852	0.190757	-0.000753	0.017463	1049471.035832
DES_SN006341.DAT	1	0.368210	0.000025	0.100960	0.022981	0.747317	0.000004	-42.283646	169.431587	0.000110	0.000000	-0.875028	0.000005	-0.310899	0.000001	0.321298	0.001249	20.971039	0.064309	0.000023	0.000000	0.037198	0.068909	0.122669	0.007801	0.368110	0.000040	21.278009	0.074280	0.000023	0.000000	0.525620	0.072893	0.030979	0.006406	1187301.225686
DES_SN006603.DAT	1	0.683550	0.000009	-1.339700	-0.242470	0.707378	0.006199	29.345163	0.174464	0.000009	0.000000	-0.597198	0.108467	-0.169789	0.009244	0.707315	0.006252	29.344223	0.174753	0.000009	0.000000	-0.597338	0.108615	-0.169748	0.009248	0.683650	0.000136	29.073898	0.148113	0.000009	0.000000	-0.715273	0.058677	-0.166448	0.008961	647724.931422
DES_SN006675.DAT	1	0.434010	0.000010	-1.879800	0.159730	0.555099	0.010836	25.688817	0.334256	0.000010	0.000000	-1.909413	0.203463	-0.030947	0.022446	0.459710	0.012153	25.164470	0.337707	0.000010	0.000000	-1.822209	0.216497	0.076546	0.021332	0.434110	0.000138	25.014688	0.337074	0.000010	0.000000	-1.864472	0.226653	0.092828	0.021349	865837.962305
DES_SN006712.DAT	1	0.801900	0.000004	-2.915500	-0.166600	1.297511	0.025212	37.832768	0.790168	0.000003	0.000000	0.313368	0.137800	-0.254335	0.015178	0.859350	0.000007	-41.045217	0.000163	0.000009	0.000001	0.049218	0.025169	-0.457077	0.042262	0.801892	nan	-46.192382	0.000347	0.000011	0.000001	0.078631	0.024241	-0.500000	0.083478	0.000000
DES_SN006869.DAT	22	0.421020	-9.000000	-9.000000	-9.000000	0.793090	0.004198	43.765561	0.232593	0.000017	0.000000	-0.245461	0.030701	-0.334496	0.005042	0.363891	0.000010	40.680443	0.000836	0.000016	0.000000	2.999984	0.001826	0.277890	0.016570	0.420920	0.000193	41.701822	0.205581	0.000015	0.000000	3.000000	0.004102	0.241184	0.017588	392464.964760
DES_SN007221.DAT	1	0.839830	0.000004	2.109100	-0.010679	1.167275	0.008143	-53.583967	0.319310	0.000088	0.000003	-3.000000	0.004168	-0.038324	0.003826	0.781630	0.009760	25.726344	0.461026	0.000005	0.000000	1.464538	0.354628	0.123549	0.025788	0.839741	0.000160	26.553455	0.480484	0.000005	0.000000	1.672988	0.393813	0.010991	0.021656	770895.015358
DES_SN007245.DAT	32	0.528340	-9.000000	-9.000000	-9.000000	0.976614	nan	-63.861054	0.000948	0.000071	0.000002	-0.062138	0.019331	-0.406651	0.017881	0.605540	0.011495	20.682366	0.383255	0.000007	0.000000	-1.661701	0.375591	0.309465	0.047367	0.528440	0.000173	20.488234	0.381566	0.000007	0.000000	-1.231883	0.399772	0.383375	0.043782	1274857.903379
DES_SN007453.DAT	32	0.138320	-9.000000	-9.000000	-9.000000	0.839962	0.009865	8.338009	0.549941	0.000010	0.000000	3.000000	0.153473	-0.027902	0.021632	-0.025036	0.000000	-16.826150	0.000010	0.000018	0.000000	-1.947746	0.326419	0.499944	0.019357	0.138221	0.000101	-18.946539	0.000883	0.000019	0.000000	-0.486701	0.186585	0.500000	0.002929	1843.076737
DES_SN007510.DAT	1	0.550280	-9.000000	-9.000000	-9.000000	0.694039	0.016780	28.818594	0.504636	0.000007	0.000000	0.309429	0.348598	-0.088711	0.030019	0.548030	0.025248	27.583495	0.519388	0.000007	0.000000	0.335652	0.369947	0.064468	0.046676	0.550180	0.000104	27.601340	0.466361	0.000007	0.000000	0.345610	0.361176	0.061459	0.031886	715383.213762
DES_SN007561.DAT	1	0.850390	0.000004	-0.113350	-0.061132	0.832035	0.009981	30.000721	0.754782	0.000004	0.000000	-0.768084	0.543655	-0.024093	0.032671	0.832022	0.009941	29.999299	0.755400	0.000004	0.000000	-0.769475	0.543958	-0.024094	0.032712	0.850290	0.000154	30.630583	0.693315	0.000004	0.000000	-0.410889	0.475543	-0.050241	0.026641	587045.796697
DES_SN007797.DAT	22	0.194000	-9.000000	-9.000000	-9.000000	0.755000	0.057681	82.632578	0.099749	0.000133	0.001546	0.000000	4.481649	0.000000	0.746941	0.316578	0.005244	31.365849	0.198866	0.000020	0.000000	3.000000	0.109125	0.085842	0.017814	0.194100	0.000153	27.509401	0.326224	0.000023	0.000001	-1.212051	0.365599	0.175542	0.021213	719983.900749
DES_SN007940.DAT	1	0.457390	0.000021	-1.024100	-0.163310	0.658916	0.031031	24.566691	0.483391	0.000018	0.000001	-0.427145	0.175754	-0.301208	0.011722	0.489957	0.012513	22.934417	0.240260	0.000021	0.000000	-0.751543	0.152526	-0.155759	0.017034	0.457290	0.000158	22.622107	0.228367	0.000022	0.000000	-0.710801	0.149432	-0.140578	0.013093	1055317.535129
DES_SN008008.DAT	1	0.155270	0.000207	1.686100	0.016980	0.212039	0.000001	18.566281	0.000046	0.000217	0.000001	1.752107	0.044491	-0.108662	0.003771	0.172770	0.001369	17.870623	0.035195	0.000213	0.000001	1.763275	0.039568	-0.035271	0.004144	0.155370	0.000148	17.660432	0.029581	0.000215	0.000001	1.828041	0.038758	-0.029090	0.003982	1677839.231807
DES_SN008057.DAT	21	0.581280	-9.000000	-9.000000	-9.000000	0.849033	0.001587	56.707257	164.311480	0.000007	0.000000	0.803768	0.000853	-0.276969	0.000407	0.476757	0.138024	-39.696768	129.492239	0.000093	0.001440	-2.999629	3.710837	-0.411435	0.524955	0.581180	0.000147	-28.361780	0.224269	0.000036	0.000001	-1.007303	0.040530	-0.500000	0.000601	0.000000
DES_SN008662.DAT	1	0.547760	0.000007	0.269840	0.164860	0.438300	0.018091	25.914187	0.411252	0.000006	0.000000	0.161200	0.375177	0.258989	0.038775	0.476960	0.010898	26.196348	0.408186	0.000006	0.000000	0.167599	0.381753	0.232228	0.035235	0.547662	0.000179	26.785938	0.421068	0.000006	0.000000	0.160600	0.396691	0.150146	0.035493	758001.130463
DES_SN008733.DAT	1	0.229730	0.000075	-0.586110	-0.017990	0.512831	0.000002	-14.560806	0.000091	0.000054	0.000000	-0.807390	0.049721	-0.305058	0.004202	0.440614	0.259494	-10.947173	139.304971	0.000037	0.001429	0.287148	4.322829	-0.037988	0.701028	0.229684	0.000009	-16.444780	0.000614	0.000053	0.000001	-1.125963	0.074021	0.104193	0.013976	36710.660725
DES_SN008872.DAT	1	0.745050	-9.000000	-9.000000	-9.000000	1.009102	0.030233	35.783121	2.222037	0.000003	0.000000	2.073123	1.375830	-0.059624	0.055969	0.815550	0.117474	32.690423	1.900912	0.000003	0.000000	0.850034	1.470049	0.166944	0.082682	0.745150	0.000188	30.571088	1.408242	0.000003	0.000000	-0.729455	1.312997	0.228336	0.094056	589184.286972
DES_SN008897.DAT	1	0.655890	-9.000000	-9.000000	-9.000000	0.708359	0.011062	29.334227	0.300202	0.000005	0.000000	0.937067	0.265913	0.050040	0.023567	0.708393	0.010978	29.335891	0.300192	0.000005	0.000000	0.937631	0.265912	0.050163	0.023565	0.655990	0.000179	28.845917	0.239549	0.000005	0.000000	1.037296	0.246189	0.089288	0.020594	657504.761203
DES_SN008978.DAT	1	0.503300	-9.000000	-9.000000	-9.000000	0.462934	0.004785	20.835774	0.130541	0.000014	0.000000	1.417832	0.108770	-0.037627	0.009199	0.462928	0.004786	20.835244	0.130566	0.000014	0.000000	1.416941	0.108744	-0.037641	0.009202	0.503200	0.000100	21.267064	0.113681	0.000013	0.000000	1.408398	0.105654	-0.073543	0.007997	1188457.205638
DES_SN009303.DAT	1	0.695450	0.000008	0.938290	-0.124070	0.732312	0.008809	23.639397	0.355338	0.000008	0.000000	0.826388	0.243959	-0.097204	0.018608	0.619381	0.009876	22.349400	0.356200	0.000008	0.000000	0.882194	0.244834	-0.010999	0.020755	0.695550	0.000106	23.271408	0.000443	0.000008	0.000000	0.881404	0.244615	-0.067122	0.015530	998187.028114
DES_SN009704.DAT	22	0.041252	-9.000000	-9.000000	-9.000000	0.394922	0.000825	45.995284	0.079783	0.000389	0.000001	3.000000	0.000551	-0.126342	0.002466	0.096403	0.000094	27.251924	0.074576	0.000755	0.000004	3.000000	0.000584	-0.065163	0.003779	0.041352	0.000003	23.344379	0.037329	0.000944	0.000005	3.000000	0.000519	-0.206240	0.003107	992045.150348
DES_SN009820.DAT	22	0.292930	-9.000000	-9.000000	-9.000000	0.724261	0.000008	-56.313958	0.000117	0.000061	0.000002	-0.319168	0.021873	-0.500000	0.001849	0.418037	0.009774	19.606138	0.467177	0.000010	0.000000	2.999999	0.095609	-0.302446	0.019488	0.293030	0.000124	17.106447	0.517720	0.000012	0.000000	2.201443	0.528180	-0.155790	0.030839	1771860.241444
DES_SN009905.DAT	33	0.184470	-9.000000	-9.000000	-9.000000	0.707823	0.002271	-38.387229	0.233770	0.000061	0.000001	0.067320	0.005174	-0.500000	0.000106	0.116842	0.002842	-12.651487	0.272003	0.000023	0.000001	-0.553621	0.117818	0.260728	0.018770	0.184370	0.000126	-13.270082	0.000874	0.000022	0.000001	-0.600400	0.093350	0.315097	0.018222	975266.665112
DES_SN010320.DAT	1	0.549130	0.000011	-1.373300	-0.097498	0.675833	0.009855	28.411892	0.212384	0.000010	0.000000	-1.015175	0.134928	-0.148313	0.016085	0.527715	0.011369	26.993843	0.194409	0.000010	0.000000	-0.905359	0.157343	0.041340	0.025497	0.549030	0.000101	27.163661	0.187320	0.000010	0.000000	-0.931169	0.149121	0.010308	0.016369	737737.071223
DES_SN010431.DAT	1	0.717920	0.000007	0.036117	-0.117430	0.752460	0.010622	26.327810	0.446736	0.000007	0.000000	0.242159	0.319263	-0.032932	0.028973	0.762710	0.063185	26.554210	147.039450	0.000007	0.001234	0.391677	3.308793	-0.063101	0.553168	0.718020	0.000119	25.979260	0.431524	0.000007	0.000000	0.173010	0.321523	0.014215	0.024538	804319.566134
DES_SN010485.DAT	32	0.411930	-9.000000	-9.000000	-9.000000	0.728975	0.006293	12.608994	0.264620	0.000014	0.000000	-1.447617	0.244497	0.056210	0.023622	0.372407	0.005243	11.412797	0.189577	0.000011	0.000000	0.264498	0.187671	0.500000	0.010774	0.411830	0.000135	11.557306	0.252180	0.000011	0.000000	0.169692	0.301921	0.458493	0.015525	3162925.750583
DES_SN010603.DAT	1	0.778930	-9.000000	-9.000000	-9.000000	0.770512	0.019312	21.910278	0.654146	0.000004	0.000000	0.424226	0.601560	0.040213	0.055014	0.778106	nan	21.972767	0.000012	0.000004	0.000000	0.387666	0.481497	0.026986	0.039015	0.779030	0.000185	21.934797	0.018451	0.000004	0.000000	0.361289	0.513740	0.025146	0.042292	1120573.634035
DES_SN010662.DAT	22	0.231830	-9.000000	-9.000000	-9.000000	0.844904	0.006405	37.402183	0.126073	0.000013	0.000000	-0.500651	0.036702	-0.358592	0.002776	0.223555	0.002666	25.655053	0.086562	0.000021	0.000000	-3.000000	0.005748	-0.027703	0.013919	0.231930	0.000196	31.198454	0.104038	0.000018	0.000000	3.000000	0.022327	0.159114	0.012498	567413.400658
DES_SN010866.DAT	1	0.548210	0.000016	1.181700	-0.139420	0.588735	0.000009	-8.356109	0.904347	0.000016	0.000001	0.523528	0.162187	-0.238419	0.016337	0.449248	0.000053	-3.347092	0.002426	0.000014	0.000000	-0.217806	0.141428	0.005662	0.012717	0.548310	0.000199	-6.334183	0.000490	0.000015	0.000000	0.187472	0.151875	-0.168594	0.011553	4811258.448274
DES_SN011172.DAT	1	0.620780	0.000005	-1.822600	0.116920	0.708766	0.022341	15.232935	0.365572	0.000005	0.000000	-1.002543	0.217342	-0.003640	0.028688	0.614163	0.010666	14.225988	0.280581	0.000005	0.000000	-1.094484	0.207599	0.093872	0.026616	0.620680	0.000102	14.279456	0.271748	0.000005	0.000000	-1.078529	0.206704	0.084065	0.021941	2378380.052797
DES_SN011182.DAT	1	0.370490	0.000027	-0.052730	-0.025693	0.717129	0.007874	-4.629252	2.754687	0.000011	0.000001	2.599500	0.490877	-0.087965	0.049566	0.429617	0.000015	-11.503458	0.000879	0.000019	0.000001	0.006620	0.316221	0.049182	0.034294	0.370396	0.000168	-8.524891	0.003110	0.000016	0.000001	-0.125172	0.283575	0.180140	0.033855	3543729.072531
DES_SN011436.DAT	32	0.260890	-9.000000	-9.000000	-9.000000	0.643451	0.008785	20.391438	0.400476	0.000007	0.000000	-2.690733	0.303685	0.166886	0.039538	0.449142	0.009868	19.814857	0.466876	0.000006	0.000000	-2.886188	0.301168	0.390202	0.037182	0.260790	0.000044	19.998211	0.508849	0.000005	0.000000	-2.999999	0.279036	0.500000	0.003932	1334075.169597
DES_SN011720.DAT	1	0.641290	0.000013	1.310100	-0.201490	0.614034	0.004632	27.502443	0.143684	0.000012	0.000000	1.590310	0.123989	-0.175297	0.006048	0.614025	0.004610	27.502518	0.143622	0.000012	0.000000	1.590913	0.124006	-0.175291	0.006045	0.641190	0.000009	27.826592	0.134542	0.000012	0.000000	1.607135	0.125653	-0.187485	0.005676	704305.338963
DES_SN011945.DAT	1	0.580560	0.000010	0.400370	-0.036844	0.695859	0.014339	20.011986	0.341791	0.000009	0.000000	0.527461	0.287043	-0.117114	0.024878	0.638854	0.019412	19.451519	0.362580	0.000009	0.000000	0.635496	0.290378	-0.079224	0.032686	0.580460	0.000103	18.909684	0.300708	0.000009	0.000000	0.665978	0.273900	-0.019081	0.023674	1482710.319485
DES_SN012535.DAT	1	0.837770	0.000005	1.527500	-0.062193	0.719395	0.000031	-62.960013	0.000833	0.000049	0.000001	0.090954	0.011539	-0.444730	0.026138	0.883031	0.000076	2.853776	0.003631	0.000004	0.000000	-0.028889	0.281380	-0.077162	0.028402	0.837870	0.000002	-3.568272	2.089460	0.000005	0.000000	0.566164	0.392790	-0.052927	0.036806	5895671.737982
DES_SN012626.DAT	22	0.197150	-9.000000	-9.000000	-9.000000	0.707893	1.046994	-48.445638	125.671419	0.000091	0.001440	-0.033253	4.254490	-0.499998	0.616220	0.357627	0.009305	21.719181	0.409072	0.000010	0.000000	2.999999	0.058089	0.178119	0.032708	0.197250	0.000177	21.118440	0.336328	0.000008	0.000000	3.000000	0.480738	0.500000	0.021358	1204328.685906
DES_SN012801.DAT	21	0.709120	-9.000000	-9.000000	-9.000000	0.148516	0.001445	12.691836	0.083435	0.000023	0.000000	3.000000	0.023795	-0.114062	0.017258	0.744920	0.000891	19.905715	0.250343	0.000013	0.000000	-0.279877	0.024113	-0.450090	0.003889	0.709220	0.000101	19.088379	0.219639	0.000013	0.000000	-0.269964	0.023961	-0.458730	0.004402	1456884.453943
DES_SN013361.DAT	1	0.717460	0.000009	-0.185830	-0.240600	0.833887	0.000004	-17.718322	0.000170	0.000012	0.000000	-0.039930	0.017852	-0.446713	0.011821	0.774260	0.091703	-19.505905	1.234002	0.000014	0.000001	0.040324	0.039416	-0.422817	0.038339	0.717543	0.000163	-87.445320	112.945635	-0.000523	0.001200	-0.907275	4.029372	0.022822	0.756316	0.000000
DES_SN013745.DAT	21	0.940000	-9.000000	-9.000000	-9.000000	0.497953	0.014174	21.522455	0.453308	0.000007	0.000000	3.000000	0.020541	-0.034693	0.029898	0.922449	0.012221	23.284494	0.426460	0.000006	0.000000	-0.133244	0.044890	-0.346325	0.006013	0.940099	0.000002	-62.863606	0.000747	0.000049	0.000001	-0.411034	0.018462	-0.318408	0.006440	0.000000
DES_SN013985.DAT	1	0.273020	0.000078	2.378700	-0.071577	0.162817	1.384794	-7.156806	0.038749	0.000188	0.000000	1.556708	0.000068	-0.155877	0.000021	0.285461	0.001236	14.825310	0.115094	0.000081	0.000001	2.026127	0.072795	-0.104778	0.004852	0.273120	0.000132	14.803446	0.113854	0.000082	0.000001	1.886523	0.068351	-0.091693	0.004757	2247914.769743
DES_SN014013.DAT	1	0.406670	-9.000000	-9.000000	-9.000000	0.451945	0.004413	22.658275	0.157126	0.000013	0.000000	0.415077	0.121822	0.088861	0.010083	0.451940	0.004410	22.658783	0.157126	0.000013	0.000000	0.415640	0.121834	0.088901	0.010083	0.406770	0.000102	22.725093	0.000156	0.000013	0.000000	0.253665	0.121319	0.135606	0.009620	1045961.526470
DES_SN014212.DAT	1	0.783530	0.000004	0.154210	-0.013890	0.933839	0.022429	31.697155	0.653911	0.000004	0.000000	0.306664	0.369014	-0.174316	0.022019	0.746793	0.000008	29.731212	0.659417	0.000004	0.000000	0.379591	0.475529	0.058336	0.034128	0.783480	0.000155	30.633300	153.224193	0.000001	0.001461	-1.452598	4.438257	0.202095	0.773488	586948.490227
DES_SN014245.DAT	1	0.411590	0.000023	2.004700	0.016097	0.403253	0.004352	24.145883	0.223148	0.000019	0.000000	2.835500	0.181005	0.093732	0.012589	0.403264	0.004379	24.146213	0.223105	0.000019	0.000000	2.835519	0.180184	0.093715	0.012612	0.411490	0.000132	24.187338	0.224619	0.000019	0.000000	2.798344	0.182331	0.079862	0.009882	924962.346451
DES_SN014542.DAT	1	0.319160	-9.000000	-9.000000	-9.000000	0.583515	0.007265	22.874742	0.194112	0.000020	0.000000	-0.901043	0.186128	-0.229850	0.011567	0.274450	0.009576	20.943930	0.156622	0.000021	0.000001	-0.949138	0.262056	0.158042	0.032245	0.319060	0.000165	21.101928	0.159649	0.000023	0.000001	-1.097221	0.236298	0.049571	0.021479	1206112.748431
DES_SN014665.DAT	1	0.461580	0.000011	-3.971700	-0.051264	0.373540	0.042353	99.598260	1.326203	-0.000010	0.000006	-3.000000	0.730989	-0.276919	0.309846	0.523904	0.098999	-18.110783	140.570072	0.000010	0.001480	-2.999083	4.613922	-0.071583	0.708367	0.461480	0.000200	-20.885398	1.463525	0.000011	0.000002	-3.000000	0.115398	-0.017087	0.109861	0.000000
DES_SN015093.DAT	1	0.673650	-9.000000	-9.000000	-9.000000	0.725154	0.009009	27.142847	0.311707	0.000006	0.000000	-0.285117	0.222778	-0.107855	0.020221	0.621050	0.004717	26.353037	0.309655	0.000006	0.000000	-0.035572	0.225859	-0.000507	0.020037	0.673550	0.000186	26.639587	0.291213	0.000006	0.000000	-0.248036	0.222089	-0.062580	0.016683	766078.774235
DES_SN015152.DAT	22	0.487110	-9.000000	-9.000000	-9.000000	0.755000	0.196637	75.489101	0.199858	0.000068	0.001521	0.000000	4.481649	0.000000	0.746941	0.348127	0.005308	19.161811	0.199058	0.000010	0.000000	3.000000	0.007006	-0.199057	0.015911	0.487210	0.000138	21.101748	0.280286	0.000008	0.000000	3.000000	0.007801	-0.330335	0.008184	1206132.234753
DES_SN015230.DAT	3	0.468300	-9.000000	-9.000000	-9.000000	0.650794	0.041297	95.303901	0.872162	0.000046	0.000022	0.905175	0.755330	0.499952	0.753886	0.513062	0.074622	0.302868	143.496866	0.000004	0.001435	-0.882667	4.467654	-0.071689	0.724672	0.468200	0.000172	-4.375879	0.007372	0.000004	0.000000	0.428917	0.529848	0.500000	0.006219	5648169.675230
DES_SN015470.DAT	1	0.411210	0.000015	0.203530	0.132340	0.352916	0.012291	21.895047	0.242060	0.000012	0.000000	0.152317	0.229994	0.281633	0.026964	0.352928	0.012309	21.895954	0.242362	0.000012	0.000000	0.152602	0.230252	0.281606	0.026995	0.411110	0.000106	22.476117	0.204825	0.000012	0.000000	0.395307	0.198678	0.218872	0.019624	1068769.123846
DES_SN015510.DAT	22	0.144330	-9.000000	-9.000000	-9.000000	0.101517	0.001658	22.726501	0.083909	0.000021	0.000000	2.355320	0.135117	0.410451	0.013758	0.101513	0.001641	22.726571	0.083792	0.000021	0.000000	2.355483	0.135003	0.410467	0.013755	0.144230	0.000176	23.165080	0.074483	0.000021	0.000000	2.079826	0.120384	0.388071	0.013327	1007236.667492
DES_SN015713.DAT	1	0.622580	0.000006	-1.202400	0.057793	0.636293	0.016701	27.478951	0.569534	0.000006	0.000000	-0.439108	0.381813	0.068617	0.043675	0.636198	0.016599	27.478362	0.569701	0.000006	0.000000	-0.439186	0.381958	0.068572	0.043730	0.622480	0.000142	-41.170152	0.000004	0.000027	0.000001	0.022584	0.029450	-0.498490	0.005130	0.000000
DES_SN015984.DAT	1	0.648580	0.000005	-0.085932	0.111030	0.470561	0.000039	-50.519269	0.000178	0.000051	0.000000	-1.491040	0.005584	-0.151910	0.000966	0.707277	0.021865	-6.859187	1.637751	0.000005	0.000000	2.999995	0.345839	0.093232	0.034107	0.648480	0.000189	-3.385182	2.262779	0.000005	0.000000	1.992652	0.644226	0.150938	0.037974	5943582.103657
DES_SN016096.DAT	1	0.697470	0.000005	-0.506300	-0.010458	0.747843	0.009438	28.538622	0.295969	0.000005	0.000000	0.135270	0.222981	0.008957	0.026690	0.726870	0.000422	28.348994	0.280776	0.000005	0.000000	0.083489	0.201622	0.040497	0.021247	0.697570	0.000124	27.974607	0.001550	0.000005	0.000000	-0.059541	0.222141	0.061637	0.020701	697165.448801
DES_SN016151.DAT	22	0.352080	-9.000000	-9.000000	-9.000000	0.786733	0.007148	29.433652	0.300446	0.000009	0.000000	-0.303706	0.070874	-0.339860	0.007794	0.340741	0.004827	25.640886	0.314317	0.000009	0.000000	3.000000	0.060555	0.222269	0.027148	0.351980	0.000138	25.684564	0.289019	0.000009	0.000000	3.000000	0.058820	0.201313	0.026010	822363.827049
DES_SN016236.DAT	1	0.298360	-9.000000	-9.000000	-9.000000	0.711372	0.589904	-18.516685	38.392729	0.000023	0.001426	-0.001752	4.261858	-0.445027	0.506507	0.416273	0.050937	-9.765503	0.880757	0.000016	0.001424	-0.304896	4.185674	0.087981	0.727317	0.298397	0.000003	-12.892338	0.000256	0.000016	0.000001	-1.132501	0.125910	0.336304	0.019694	1154481.406162
DES_SN016610.DAT	1	0.508800	0.000008	-0.688730	0.141070	0.674999	0.011248	26.826599	0.450290	0.000007	0.000000	0.007021	0.328948	-0.058596	0.023578	0.526235	0.018591	25.432919	0.400331	0.000007	0.000000	-0.221323	0.309721	0.112797	0.038746	0.508900	0.000101	25.383301	0.380653	0.000007	0.000000	-0.178691	0.309245	0.139914	0.023900	841441.770712
DES_SN016887.DAT	1	0.717340	0.000008	1.381800	-0.140040	0.705637	0.005657	-41.169041	0.000468	0.000042	0.000001	-0.012925	0.018380	-0.489923	0.011886	0.670485	0.000000	-25.427248	0.000004	0.000014	0.000000	2.999812	0.050095	-0.138571	0.015112	0.717440	0.000100	23.689645	0.323376	0.000008	0.000000	0.875375	0.333052	-0.140112	0.019733	963722.359912
DES_SN016981.DAT	1	0.575070	0.000008	-0.755220	0.037687	0.944758	1.004494	-14.381978	138.331767	0.000007	0.001422	0.314982	4.337334	-0.241741	0.743323	0.680863	0.091522	-15.016078	138.145400	0.000006	0.001422	0.937819	4.000812	0.041684	0.701283	0.574970	0.000100	-10.891842	0.002549	0.000005	0.000000	0.262467	0.693459	0.273150	0.069379	2182535.876868
DES_SN017007.DAT	33	0.094455	-9.000000	-9.000000	-9.000000	0.420859	0.002190	24.237750	0.063195	0.000105	0.000001	3.000000	0.010059	-0.058381	0.004878	0.246669	0.000000	21.551110	0.000359	0.000107	0.000001	1.572692	0.054434	0.229377	0.006163	0.094555	0.000140	19.472865	0.053385	0.000095	0.000001	1.330058	0.058888	0.427074	0.007109	1403133.796982
DES_SN017251.DAT	1	0.483270	-9.000000	-9.000000	-9.000000	0.588698	0.008514	21.033035	0.234565	0.000008	0.000000	-2.170684	0.153089	-0.144180	0.017922	0.588746	0.008824	21.034227	0.235099	0.000008	0.000000	-2.169521	0.153414	-0.144175	0.018010	0.483170	0.000196	20.408815	0.214422	0.000008	0.000000	-2.231849	0.158362	-0.002732	0.018359	1284134.370402
DES_SN017287.DAT	1	0.736340	0.000004	0.927170	0.114250	1.022325	0.033535	29.277957	1.070009	0.000003	0.000000	0.516636	0.415423	-0.219171	0.031065	0.823240	0.096242	28.645032	1.951152	0.000004	0.000000	2.002614	1.676830	-0.057106	0.074964	0.736440	0.000199	28.602233	0.987959	0.000004	0.000000	2.998890	5.879211	0.136877	0.062039	668208.769396
DES_SN017600.DAT	1	0.624860	0.000006	2.335000	0.177090	0.815652	0.000000	6.186427	0.000002	0.000005	0.000000	0.726447	0.626437	0.198131	0.004574	0.598460	0.050228	3.137323	0.001227	0.000004	0.000000	-0.612089	0.547435	0.500000	0.089373	0.624951	0.000193	-21.431757	0.045527	0.000008	0.000000	2.982150	4.392419	0.151924	0.052257	0.000000
DES_SN017604.DAT	1	0.710540	0.000008	-0.151150	-0.173280	0.715710	0.009202	29.226765	0.204615	0.000008	0.000000	0.221529	0.153669	-0.135277	0.015882	0.608533	0.012554	28.312634	0.235575	0.000008	0.000000	0.473121	0.179429	-0.041738	0.019806	0.710640	0.000126	29.178761	0.187102	0.000008	0.000000	0.233109	0.156532	-0.130492	0.013360	643310.250053
DES_SN017624.DAT	1	0.485150	-9.000000	-9.000000	-9.000000	0.463125	0.006510	21.220500	0.138545	0.000012	0.000000	-0.204086	0.127918	0.021740	0.011884	0.463081	0.006521	21.220386	0.138584	0.000012	0.000000	-0.203845	0.127924	0.021776	0.011893	0.485050	0.000187	21.417559	0.125532	0.000011	0.000000	-0.168227	0.125359	0.006028	0.010229	1172705.733402
DES_SN017687.DAT	32	0.553770	-9.000000	-9.000000	-9.000000	0.653695	0.005965	15.878332	0.187896	0.000006	0.000000	-1.463930	0.165142	0.291358	0.021325	0.658496	0.000000	15.962210	0.000001	0.000006	0.000000	-1.443516	0.165884	0.288095	0.019543	0.553870	0.000160	15.410900	0.183974	0.000005	0.000000	-1.195776	0.177888	0.445431	0.019442	2106546.695448
DES_SN017752.DAT	1	0.242540	-9.000000	-9.000000	-9.000000	0.706485	0.005107	-22.864893	0.462847	0.000037	0.000001	0.078764	0.011865	-0.500000	0.004100	0.433275	0.113968	-13.565698	8.151475	0.000025	0.000841	0.190945	4.304274	-0.021997	0.705229	0.242445	0.000001	-18.021111	0.000000	0.000031	0.000002	-1.159917	0.163716	0.184944	0.031784	6860.815716
DES_SN018085.DAT	22	0.242350	-9.000000	-9.000000	-9.000000	0.684211	0.090603	52.864486	3.150209	0.000045	0.000108	1.671598	5.087766	-0.412735	0.883125	0.345171	0.012150	27.639316	0.479491	0.000010	0.000000	3.000000	0.145580	0.029964	0.039671	0.242250	0.000109	22.158253	0.461189	0.000011	0.000001	-2.895815	0.763607	-0.010340	0.036311	1098823.371935
DES_SN018157.DAT	1	0.580500	0.000008	-0.221550	0.047429	0.726905	0.012572	26.248604	0.299068	0.000006	0.000000	0.240313	0.259924	-0.037877	0.033195	0.569982	0.013791	24.837129	0.311617	0.000006	0.000000	0.443664	0.253781	0.156622	0.029026	0.580400	0.000113	24.945772	0.278581	0.000006	0.000000	0.451761	0.255341	0.143419	0.022464	870540.874558
DES_SN018181.DAT	1	0.606250	0.000010	-0.071749	-0.087729	0.727471	0.006047	-53.715669	0.806060	0.000079	0.000003	-3.000000	0.007710	-0.059920	0.012106	0.561883	0.016715	23.394367	1.089246	0.000010	0.000000	-0.941347	0.820649	0.010515	0.042944	0.606150	0.000166	23.951592	1.426613	0.000010	0.000000	-0.711782	1.025642	-0.041963	0.035526	943017.505993
DES_SN018245.DAT	1	0.398070	-9.000000	-9.000000	-9.000000	0.751984	0.008145	28.123279	0.200447	0.000009	0.000000	1.008070	0.147340	-0.091741	0.014822	0.418616	0.006618	24.774343	0.159846	0.000009	0.000000	0.890893	0.131830	0.274107	0.014535	0.398170	0.000100	24.627783	0.151359	0.000009	0.000000	0.893233	0.128182	0.303305	0.012095	892732.085771
DES_SN018420.DAT	22	0.345550	-9.000000	-9.000000	-9.000000	0.771323	0.399687	96.896984	164.744926	0.000001	0.001494	-1.416831	4.903942	0.041834	0.763731	0.337946	0.007862	24.396491	0.399742	0.000010	0.000000	-0.622310	0.401107	-0.110114	0.041725	0.345450	0.000193	24.456349	0.392205	0.000010	0.000000	-0.614681	0.398517	-0.125337	0.038200	905057.604580
DES_SN018450.DAT	22	0.298870	-9.000000	-9.000000	-9.000000	0.819822	1.072387	-52.038411	123.968183	0.000089	0.001440	-0.808236	4.030392	-0.179092	0.655246	0.350064	0.008059	22.294625	0.295513	0.000011	0.000000	3.000000	0.253193	0.123974	0.030978	0.298970	0.000199	22.281783	0.324868	0.000011	0.000000	3.000000	0.079508	0.232015	0.028114	1087018.733563
DES_SN018714.DAT	22	0.214150	-9.000000	-9.000000	-9.000000	0.903241	0.001324	47.586140	0.081715	-0.000175	0.000003	-2.999999	0.521966	-0.051835	0.006036	0.331050	0.000995	8.693292	0.164664	0.000015	0.000000	0.240551	0.255759	0.103189	0.013356	0.214250	0.000197	8.375831	0.125479	0.000014	0.000000	-0.640656	0.246899	0.316127	0.015090	4172478.375664
DES_SN018788.DAT	22	0.175630	-9.000000	-9.000000	-9.000000	0.723242	1.051235	-28.215704	53.783857	0.000042	0.000724	-0.586623	2.473626	-0.399086	0.253421	0.142084	0.002117	30.383946	0.418415	0.000008	0.000000	1.701180	0.207511	0.500000	0.001189	0.175530	0.000030	31.299744	0.379632	0.000008	0.000000	1.996502	0.220215	0.500000	0.001253	564059.316738
DES_SN018792.DAT	1	0.452570	0.000016	-1.667700	-0.065021	0.567449	0.007319	25.255419	0.183748	0.000015	0.000000	-1.229314	0.115421	-0.150142	0.012162	0.435816	0.006044	24.035319	0.147461	0.000016	0.000000	-1.312643	0.112241	-0.028922	0.013825	0.452470	0.000143	24.212127	0.136178	0.000015	0.000000	-1.261892	0.108810	-0.039142	0.012634	923097.828973
DES_SN019167.DAT	1	0.475260	-9.000000	-9.000000	-9.000000	0.663136	1.112472	-12.006456	0.000034	0.000018	0.000000	0.327268	0.021614	-0.240564	0.006009	0.529647	0.000007	-5.332223	0.000370	0.000014	0.000000	-0.014758	0.124174	-0.055232	0.011432	0.475360	0.000120	-3.778743	0.001034	0.000013	0.000000	-0.310986	0.120683	0.037998	0.011575	5836925.344496
DES_SN019624.DAT	22	0.394470	-9.000000	-9.000000	-9.000000	0.681838	0.000030	-33.072788	0.000941	0.000032	0.000000	-0.121763	0.009205	-0.500000	0.000861	0.322284	0.000000	1.959709	150.773119	0.000008	0.000000	2.413404	0.000000	0.033071	0.000000	0.394370	0.000100	14.965132	0.287393	0.000007	0.000000	3.000000	0.013529	0.171830	0.017715	2209264.429116
DES_SN019835.DAT	22	0.333690	-9.000000	-9.000000	-9.000000	0.768905	1.118747	75.401719	164.262583	0.000005	0.001496	-2.841556	4.674362	0.239951	0.817913	0.295150	0.016003	15.902660	0.611226	0.000005	0.000000	1.373649	0.689016	0.050367	0.051061	0.333590	0.000114	16.400675	0.673266	0.000005	0.000000	1.347506	0.695370	0.001086	0.048105	1900820.588267
DES_SN019856.DAT	1	0.092905	-9.000000	-9.000000	-9.000000	0.452811	0.003077	17.383898	0.093204	0.000159	0.000002	-1.357557	0.065432	-0.263098	0.004605	0.083235	0.000045	13.628292	0.038348	0.000148	0.000002	-1.565024	0.046108	0.301119	0.006593	0.092805	0.000144	13.691911	0.039274	0.000150	0.000002	-1.610354	0.046586	0.285617	0.006618	2533597.455003
DES_SN020060.DAT	1	0.468390	0.000015	-0.368330	-0.015691	0.458188	0.004292	25.994248	0.109836	0.000016	0.000000	-0.095743	0.091594	-0.061673	0.008900	0.458140	0.004411	25.993546	0.109892	0.000016	0.000000	-0.096014	0.091554	-0.061637	0.008943	0.468290	0.000129	26.090315	0.102236	0.000016	0.000000	-0.079807	0.091266	-0.068833	0.008188	797663.751707
DES_SN020096.DAT	22	0.107640	-9.000000	-9.000000	-9.000000	0.778868	0.002830	33.528113	0.070577	0.000041	0.000000	-0.368475	0.017574	-0.343098	0.002296	0.095692	0.000000	28.061503	0.000010	0.000036	0.000000	2.999998	0.004646	0.499979	0.068277	0.107540	0.000126	26.501037	0.055792	0.000038	0.000001	2.981298	0.099781	0.445610	0.010019	773849.576090
DES_SN020282.DAT	1	0.287740	-9.000000	-9.000000	-9.000000	0.558353	0.015851	25.494855	0.354130	0.000017	0.000000	-2.095474	0.250798	-0.303199	0.015034	0.309647	0.010974	22.909953	0.260291	0.000020	0.000000	-2.610593	0.236783	-0.011376	0.031532	0.287640	0.000198	22.851960	0.256227	0.000019	0.000000	-2.580963	0.250836	0.032245	0.018753	1034587.423071
DES_SN020695.DAT	1	0.837580	0.000004	0.664660	0.008654	0.833893	0.008083	28.495468	0.369629	0.000004	0.000000	0.621173	0.282876	-0.043639	0.024278	0.833911	0.008106	28.496317	0.369754	0.000004	0.000000	0.620678	0.282694	-0.043572	0.024322	0.837480	0.000149	-45.692472	0.003226	0.000033	0.000000	0.061117	0.005071	-0.454988	0.006456	0.000000
DES_SN020838.DAT	1	0.550660	0.000009	1.825400	0.121430	0.639321	0.000010	26.870860	0.000010	0.000009	0.000000	1.899201	0.034136	-0.012969	0.003466	0.540039	0.008422	25.321616	0.227955	0.000009	0.000000	1.803244	0.130891	0.114652	0.017193	0.550560	0.000136	25.459067	0.202669	0.000009	0.000000	1.843391	0.129509	0.097639	0.010016	836576.826459
DES_SN021190.DAT	1	0.464980	0.000009	1.580200	0.284180	0.616473	0.000001	24.212567	0.000207	0.000010	0.000000	2.078379	0.134133	0.150145	0.011016	0.483168	0.006175	22.753435	0.124767	0.000009	0.000000	1.807989	0.114028	0.313437	0.012596	0.465080	0.000195	22.583218	0.113308	0.000009	0.000000	1.836352	0.111879	0.332698	0.011217	1058879.080372
DES_SN021425.DAT	1	0.655960	-9.000000	-9.000000	-9.000000	0.643789	0.000191	-31.314077	0.010031	0.000021	0.000001	0.008966	0.039074	-0.499695	0.028225	0.625660	0.051624	25.034485	0.623162	0.000006	0.000000	0.207521	0.433182	-0.090692	0.037149	0.655860	0.000200	25.350490	0.622886	0.000006	0.000000	0.155624	0.398403	-0.129177	0.035420	843563.531285
DES_SN021566.DAT	1	0.161520	-9.000000	-9.000000	-9.000000	0.732319	0.007820	29.394535	0.143970	0.000069	0.000001	0.077955	0.026785	-0.356658	0.005406	0.076661	0.003453	20.946409	0.193981	0.000095	0.000003	-1.111852	0.221059	0.217885	0.019619	0.161620	0.000104	24.790584	0.226720	0.000090	0.000002	2.619306	0.430827	0.224494	0.015125	881266.880249
DES_SN021802.DAT	22	0.201900	-9.000000	-9.000000	-9.000000	0.794894	1.067168	-38.728585	129.888404	0.000130	0.001447	0.001053	4.262449	-0.499999	0.614538	0.308392	0.002012	12.391898	0.134165	0.000030	0.000000	3.000000	0.003024	0.182241	0.007299	0.202000	0.000011	10.982671	0.000250	0.000025	0.000000	3.000000	0.005996	0.421539	0.006833	3339587.759673
DES_SN021899.DAT	1	0.665020	0.000006	1.101200	0.088711	0.697894	0.023501	29.270697	0.636155	0.000006	0.000000	1.035463	0.437667	-0.035810	0.035658	0.634520	0.074866	28.564513	0.559817	0.000006	0.000000	1.038962	0.428433	0.011505	0.034555	0.664920	0.000164	28.866467	0.557387	0.000006	0.000000	1.037426	0.428314	-0.019955	0.032901	656614.153481
DES_SN021981.DAT	1	0.531180	0.000016	0.337110	-0.153200	0.539237	0.006510	26.732967	0.141763	0.000015	0.000000	0.447929	0.094758	-0.115602	0.011076	0.539246	0.006498	26.733340	0.141709	0.000015	0.000000	0.448117	0.094758	-0.115605	0.011069	0.531080	0.000157	26.625007	0.107933	0.000015	0.000000	0.424977	0.092263	-0.105058	0.007573	766890.768641
DES_SN022052.DAT	22	0.122490	-9.000000	-9.000000	-9.000000	0.257791	0.000090	22.075471	0.004796	0.000024	0.000000	1.939757	0.068136	0.100844	0.006850	0.207387	0.000090	21.507351	0.000111	0.000023	0.000000	1.820504	0.067955	0.197680	0.007599	0.122590	0.000157	20.126859	0.064747	0.000023	0.000000	1.678450	0.065841	0.275356	0.007917	1318034.603626
DES_SN022101.DAT	1	0.594640	0.000008	0.056520	0.034615	0.735507	0.012191	26.984694	0.439387	0.000007	0.000000	0.319535	0.329590	0.035109	0.033203	0.593565	0.015336	25.698147	0.425101	0.000006	0.000000	0.419148	0.325691	0.193221	0.031072	0.594541	0.000101	25.705142	0.388738	0.000006	0.000000	0.418678	0.302215	0.192003	0.027101	821085.390621
DES_SN022106.DAT	1	0.510350	0.000009	0.682930	0.161400	0.660920	0.013103	24.425679	0.604750	0.000008	0.000000	-0.438372	0.355484	-0.088497	0.022395	0.562241	0.011818	23.204968	0.755378	0.000009	0.000000	-0.609368	0.477958	0.021008	0.025725	0.510250	0.000162	22.850282	0.646895	0.000008	0.000000	-0.483022	0.431480	0.095109	0.021034	1034736.804056
DES_SN022644.DAT	1	0.579030	0.000009	0.035896	-0.025499	0.586594	0.010987	26.432561	0.325550	0.000010	0.000000	0.357486	0.216577	0.014954	0.021367	0.586640	0.010950	26.431831	0.325416	0.000010	0.000000	0.357611	0.216559	0.014920	0.021357	0.579130	0.000139	26.338070	0.295558	0.000010	0.000000	0.334746	0.214314	0.023203	0.017853	783153.796688
DES_SN022827.DAT	1	0.607110	-9.000000	-9.000000	-9.000000	0.581325	0.015984	26.768193	0.392738	0.000005	0.000000	-0.298563	0.339140	0.198892	0.033599	0.663910	0.211758	27.172152	0.389595	0.000005	0.000000	-0.544922	0.330028	0.076389	0.029811	0.607010	0.000131	26.858785	0.387326	0.000005	0.000000	-0.398959	0.336364	0.169748	0.030483	754027.862206
DES_SN023008.DAT	22	0.391410	-9.000000	-9.000000	-9.000000	0.603930	0.013012	17.228569	0.695120	0.000005	0.000000	3.000000	0.055669	0.474813	0.040875	0.496803	0.010195	15.437232	0.791955	0.000004	0.000000	3.000000	0.076977	0.500000	0.006566	0.391510	0.000138	12.793215	0.718870	0.000005	0.000000	2.999999	0.260825	0.500000	0.003974	2788462.226594
DES_SN023088.DAT	1	0.788370	0.000006	1.289500	-0.073448	0.834353	0.021449	27.229803	1.033644	0.000006	0.000000	1.010100	0.774021	-0.072628	0.050020	0.834318	0.020774	27.231077	1.032906	0.000006	0.000000	1.015148	0.774861	-0.072528	0.049885	0.788470	0.000197	26.276234	1.018306	0.000006	0.000000	0.534747	0.829022	-0.015966	0.044047	786732.845035
DES_SN023128.DAT	1	0.535830	0.000015	2.002100	-0.069723	0.073080	0.004356	100.000000	1.797456	-0.000026	0.000005	-3.000000	0.789654	0.500000	0.113771	0.480434	0.000199	1.998427	0.006091	0.000004	0.000000	2.999999	0.007337	0.500000	0.001194	0.535730	0.000169	-0.796330	0.000781	0.000005	0.000000	1.441774	0.447683	0.367278	0.040909	6300706.354974
DES_SN023196.DAT	1	0.469570	-9.000000	-9.000000	-9.000000	0.706278	0.010868	28.158972	0.313700	0.000011	0.000000	-0.209322	0.217675	-0.205537	0.014031	0.510828	0.033057	26.374684	0.367960	0.000012	0.000000	-0.179976	0.284211	-0.018137	0.048335	0.469470	0.000100	26.074663	0.271362	0.000012	0.000000	-0.074030	0.291350	0.016822	0.022618	798596.015625
DES_SN023274.DAT	1	0.839020	0.000005	0.195840	-0.136620	0.856746	0.000704	-9.781207	0.030476	0.000005	0.000000	0.410928	0.401340	-0.216596	0.052729	0.823952	0.008499	-74.563099	4.159435	0.000056	0.000004	0.027321	0.012815	-0.467170	0.046788	0.838921	0.000198	-62.121222	0.014416	0.000047	0.000003	0.055177	0.012481	-0.459199	0.036649	0.000000
DES_SN023434.DAT	1	0.311460	0.000041	-0.586030	-0.049384	0.719622	0.002384	-66.492668	0.423065	0.000259	0.000003	-0.140413	0.005445	-0.500000	0.000205	0.315111	0.005487	5.045143	0.251585	0.000036	0.000000	-0.131234	0.161899	-0.109119	0.014038	0.311560	0.000191	5.067094	0.244653	0.000036	0.000000	-0.184030	0.139423	-0.102516	0.009580	5234966.617956
DES_SN023981.DAT	1	0.835810	0.000004	1.502200	0.004310	0.876749	0.000094	27.011461	0.003361	0.000004	0.000000	0.795809	0.527211	-0.054512	0.033611	0.822585	0.017827	25.860133	0.815881	0.000004	0.000000	0.469459	0.578495	0.028244	0.051569	0.835710	0.000156	26.073188	0.782763	0.000004	0.000000	0.540545	0.577457	0.003667	0.039330	798683.968010
DES_SN023999.DAT	1	0.461570	0.000023	1.045500	-0.126220	0.476568	0.005377	23.750101	0.136518	0.000023	0.000000	1.354382	0.110781	-0.093224	0.006632	0.476538	0.005517	23.749866	0.136947	0.000023	0.000000	1.354174	0.110779	-0.093216	0.006678	0.461470	0.000149	23.633960	0.123249	0.000023	0.000000	1.340524	0.103214	-0.084055	0.005866	968209.485834
DES_SN024011.DAT	1	0.723650	-9.000000	-9.000000	-9.000000	0.450641	0.013579	22.975055	0.587343	0.000005	0.000000	0.453107	0.504509	0.294827	0.042301	0.800955	0.111030	-11.843385	139.055267	0.000009	0.001436	1.602312	3.697390	0.172918	0.747178	0.723750	0.000120	25.585501	0.571896	0.000005	0.000000	0.924398	0.568057	0.019857	0.037208	828560.600713
DES_SN024119.DAT	1	0.098347	0.000394	-1.716000	0.017168	0.075546	0.000040	17.311693	156.468500	0.000479	0.000000	-1.603702	0.000070	-0.098514	0.000003	0.091450	0.000110	16.670718	0.020432	0.000327	0.000002	-1.564167	0.015395	0.095701	0.002971	0.098247	0.000152	16.758151	0.019249	0.000327	0.000001	-1.568741	0.015565	0.085536	0.003031	1834307.921204
DES_SN024254.DAT	33	0.261750	-9.000000	-9.000000	-9.000000	0.887244	0.018761	19.962924	0.600184	0.000004	0.000000	0.318036	0.199800	-0.307310	0.014705	0.329010	0.011731	14.955438	0.464667	0.000005	0.000000	-2.018354	0.562796	0.241467	0.060940	0.261650	0.000195	14.887048	0.436155	0.000004	0.000000	-2.054504	0.596728	0.402044	0.061233	2227831.744331
DES_SN024304.DAT	1	0.397910	-9.000000	-9.000000	-9.000000	0.710755	0.000001	-40.357119	0.000060	0.000065	0.000001	0.004957	0.003842	-0.499967	0.000468	0.364816	0.004821	19.561791	0.144745	0.000011	0.000000	-0.931866	0.105354	0.208069	0.012567	0.397810	0.000186	20.121565	0.000003	0.000011	0.000000	-0.975638	0.101368	0.173533	0.010300	1318687.097419
DES_SN024458.DAT	1	0.452100	-9.000000	-9.000000	-9.000000	0.668453	0.008624	28.162029	0.609265	0.000009	0.000000	-1.285943	0.510904	-0.148746	0.018539	0.381994	0.006279	25.755761	0.275073	0.000010	0.000000	-2.044262	0.322374	0.082130	0.025210	0.452200	0.000128	26.508044	0.372048	0.000009	0.000000	-1.249964	0.388205	0.047414	0.026372	773453.566453
DES_SN024506.DAT	1	0.581370	-9.000000	-9.000000	-9.000000	0.640136	1.028318	-39.928757	129.396542	0.000048	0.001431	0.005762	4.263629	-0.500000	0.616009	0.508689	0.026306	26.604630	0.408107	0.000008	0.000000	0.506649	0.250121	0.162285	0.044552	0.581270	0.000121	27.328839	0.366039	0.000008	0.000000	0.683012	0.260542	0.061101	0.019112	729163.021184
DES_SN024936.DAT	32	0.289790	-9.000000	-9.000000	-9.000000	0.531981	0.014836	17.284400	0.494759	0.000005	0.000000	-2.618031	0.390882	0.115974	0.071854	0.252509	0.017067	14.961318	0.532571	0.000004	0.000000	-2.914317	0.405027	0.499893	0.929843	0.289690	0.000140	15.562859	0.000018	0.000004	0.000000	-2.872759	0.343123	0.442981	0.068694	2072835.937267
DES_SN025002.DAT	1	0.641240	-9.000000	-9.000000	-9.000000	0.718278	0.014646	22.749994	1.180584	0.000005	0.000000	-1.340767	0.651722	-0.004959	0.036906	0.633012	0.024200	21.763505	0.987255	0.000005	0.000000	-1.274264	0.590978	0.082593	0.064463	0.641140	0.000174	21.829182	0.969976	0.000005	0.000000	-1.300948	0.579494	0.065316	0.034813	1131005.182577
DES_SN025039.DAT	1	0.458000	-9.000000	-9.000000	-9.000000	0.712568	0.009155	27.114435	0.272605	0.000010	0.000000	-1.032884	0.226719	-0.181619	0.015996	0.443460	0.009886	25.108861	0.237742	0.000011	0.000000	-0.887523	0.279421	0.073623	0.022235	0.457900	0.000174	25.194883	0.233900	0.000010	0.000000	-0.832243	0.270181	0.069955	0.021577	853754.297888
DES_SN025091.DAT	22	0.168940	-9.000000	-9.000000	-9.000000	0.721002	0.000006	-42.894884	0.000122	0.000164	0.000002	-3.000000	0.002383	-0.131271	0.002763	0.137946	0.000955	22.399996	0.343413	0.000014	0.000000	1.949237	0.137097	0.500000	0.002988	0.168840	0.000016	22.918979	0.373319	0.000014	0.000000	1.823426	0.143494	0.500000	0.004241	1028646.423016
DES_SN025140.DAT	22	0.391710	-9.000000	-9.000000	-9.000000	0.754836	1.117558	-16.663247	0.000037	0.000010	0.000001	2.999715	0.000107	0.043408	0.001641	0.430943	0.003769	14.957012	0.429989	0.000004	0.000000	3.000000	0.013807	0.500000	0.001206	0.391810	0.000199	15.215680	0.371113	0.000004	0.000000	2.999999	0.019901	0.500000	0.000933	2150852.603389
DES_SN025146.DAT	1	0.541550	0.000011	-0.331530	-0.043381	0.538198	0.006169	19.536215	0.140944	0.000011	0.000000	-0.145524	0.113399	-0.062226	0.012698	0.538191	0.006127	19.536073	0.140798	0.000011	0.000000	-0.145810	0.113402	-0.062235	0.012669	0.541450	0.000185	19.567925	0.126887	0.000011	0.000000	-0.140195	0.112758	-0.066431	0.009695	1390245.599352
DES_SN025376.DAT	1	0.115340	0.000411	0.361230	-0.052374	0.521050	0.001834	23.558595	0.024287	0.000279	0.000001	0.082964	0.013962	-0.427111	0.002035	0.113534	0.000695	18.792665	0.019177	0.000356	0.000002	1.309039	0.027108	0.053700	0.004110	0.115240	0.000143	18.814379	0.017062	0.000356	0.000002	1.298993	0.026780	0.051387	0.003990	1496728.233694
DES_SN025418.DAT	1	0.559750	0.000011	-0.641030	-0.099272	0.684545	0.011589	28.942736	0.293983	0.000010	0.000000	-0.355605	0.197581	-0.152882	0.016350	0.547276	0.010883	27.719251	0.265558	0.000010	0.000000	-0.283558	0.209018	-0.011862	0.021572	0.559650	0.000176	27.838007	0.247257	0.000010	0.000000	-0.262980	0.208949	-0.024217	0.017842	703750.950518
DES_SN025428.DAT	22	0.217000	-9.000000	-9.000000	-9.000000	0.781242	0.005679	29.533381	0.199408	0.000010	0.000000	-0.140628	0.039508	-0.355431	0.004090	0.132059	0.000354	23.065739	0.134395	0.000010	0.000000	3.000000	0.032130	0.440916	0.017091	0.217100	0.000197	24.444602	0.143813	0.000012	0.000000	3.000000	0.016542	0.291448	0.015203	905912.085579
DES_SN025960.DAT	21	0.372570	-9.000000	-9.000000	-9.000000	0.658716	0.006207	23.138306	0.141473	0.000016	0.000000	-0.456410	0.047696	-0.463571	0.005047	0.337121	0.004847	20.976672	0.146552	0.000022	0.000000	2.999999	0.020880	-0.205754	0.014830	0.372470	0.000034	21.442403	0.133570	0.000021	0.000000	3.000000	0.020022	-0.259514	0.011410	1170134.127478
DES_SN026052.DAT	1	0.422040	-9.000000	-9.000000	-9.000000	0.685348	0.014292	22.697808	0.619567	0.000016	0.000001	-0.142416	0.430467	-0.179459	0.023180	0.378432	0.007277	17.242112	0.762945	0.000016	0.000001	-1.346774	0.452568	0.041473	0.028564	0.422140	0.000116	19.275082	0.909088	0.000016	0.000001	-0.330170	0.678351	0.043907	0.032506	1430468.239190
DES_SN026075.DAT	32	0.536680	-9.000000	-9.000000	-9.000000	0.665756	0.010960	17.270807	0.345913	0.000006	0.000000	-0.916197	0.246920	0.356778	0.026619	0.632180	0.001534	16.913271	0.325209	0.000006	0.000000	-0.926746	0.244851	0.408358	0.026342	0.536780	0.000200	16.525814	0.317494	0.000005	0.000000	-0.888860	0.224401	0.500000	0.034928	1877179.852548
DES_SN026183.DAT	22	0.276130	-9.000000	-9.000000	-9.000000	0.755500	0.006241	29.255000	0.170325	0.000011	0.000000	-0.493101	0.053989	-0.412922	0.003614	0.343564	0.005234	25.009635	0.201866	0.000017	0.000000	0.486247	0.220897	-0.208320	0.017156	0.276030	0.000130	24.616872	0.201888	0.000017	0.000000	1.016446	0.250100	-0.099106	0.016823	893508.709924
DES_SN026237.DAT	22	0.228760	-9.000000	-9.000000	-9.000000	0.324576	0.000017	30.628910	0.000299	0.000009	0.000000	3.000000	0.010318	0.113654	0.020339	0.301845	0.007132	30.047272	0.254711	0.000009	0.000000	3.000000	0.014565	0.137617	0.026381	0.228860	0.000148	29.370802	0.242826	0.000008	0.000000	3.000000	0.018511	0.266987	0.025434	635364.764082
DES_SN026481.DAT	1	0.747620	0.000006	-0.441030	-0.113350	0.755395	0.008339	30.308826	0.272490	0.000006	0.000000	-0.177827	0.178789	-0.100322	0.016559	0.755407	0.008383	30.310705	0.272578	0.000006	0.000000	-0.178576	0.178752	-0.100287	0.016601	0.747720	0.000200	30.240505	0.262814	0.000006	0.000000	-0.181957	0.180839	-0.091461	0.013896	601336.348382
DES_SN026600.DAT	1	0.536370	-9.000000	-9.000000	-9.000000	0.571969	1.153861	-2.612393	0.292954	0.000005	0.001479	1.814935	1.999616	0.301107	0.593019	0.478872	0.000011	-4.913077	0.000422	0.000005	0.000001	1.485571	0.751039	0.411908	0.023472	0.536270	0.000167	-0.815960	0.002353	0.000005	0.000000	1.587222	0.494965	0.369625	0.042910	6300530.231790
DES_SN026756.DAT	1	0.335830	0.000031	-0.044430	0.003766	0.566298	0.005268	24.189256	0.145846	0.000024	0.000000	0.555565	0.126705	-0.273325	0.008767	0.332403	0.007264	21.809334	0.141797	0.000029	0.000000	0.336376	0.134394	0.018384	0.018715	0.335730	0.000100	21.833296	0.131424	0.000029	0.000000	0.364484	0.120520	0.011611	0.010846	1130597.067884
DES_SN026779.DAT	1	0.924610	0.000005	-0.399510	-0.237400	0.842571	0.018285	32.348066	0.682360	0.000004	0.000000	-0.206520	0.492362	-0.048548	0.057327	0.985610	0.012414	34.047708	0.667795	0.000004	0.000000	0.182844	0.470235	-0.132006	0.025961	0.924709	0.000177	33.220097	0.661465	0.000004	0.000000	-0.163718	0.470460	-0.119697	0.030711	508821.332492
DES_SN026826.DAT	32	0.401170	-9.000000	-9.000000	-9.000000	0.524313	0.009756	14.585629	0.155277	0.000011	0.000000	-0.942062	0.107717	0.445558	0.014224	0.451246	0.005127	14.004195	0.113414	0.000010	0.000000	-1.214082	0.089616	0.500000	0.004544	0.401070	0.000134	13.727348	0.100386	0.000011	0.000000	-1.302983	0.078329	0.500000	0.001541	2523959.675899
DES_SN026879.DAT	1	0.528910	0.000008	0.588100	0.135160	0.724423	0.005987	23.308805	0.219931	0.000009	0.000000	0.698565	0.197004	-0.065271	0.015257	0.456121	0.005881	21.044047	0.186309	0.000008	0.000000	0.973599	0.193389	0.264925	0.016300	0.528810	0.000103	21.314688	0.182037	0.000009	0.000000	0.540766	0.172231	0.166292	0.014815	1183439.434589
DES_SN027027.DAT	21	0.467670	-9.000000	-9.000000	-9.000000	0.632098	0.015169	5.619495	0.404031	0.000009	0.000000	-0.818501	0.121603	-0.500000	0.013747	0.394971	0.091623	10.541712	1.166604	0.000013	0.000000	2.874824	4.457745	-0.277757	0.026289	0.467570	0.000036	11.048717	0.590498	0.000011	0.000000	2.996596	0.025957	-0.320193	0.011674	3319190.573656
DES_SN027091.DAT	1	0.575920	0.000008	0.995430	0.069746	0.636024	0.000069	-21.972493	0.002128	0.000020	0.000001	0.233543	0.089616	-0.438759	0.036047	0.499520	0.025621	7.587076	0.997290	0.000007	0.000000	0.881673	0.531327	0.140194	0.031249	0.576020	0.000182	8.365106	0.919088	0.000007	0.000000	1.161230	0.585045	0.031524	0.030125	4176054.226128
DES_SN027122.DAT	1	0.496790	0.000015	1.525500	-0.015642	0.663367	0.005142	22.662602	0.102776	0.000014	0.000000	1.460234	0.128412	-0.163619	0.008473	0.488569	0.005237	21.032917	0.107659	0.000014	0.000000	1.985707	0.140663	0.065089	0.012742	0.496690	0.000042	21.092029	0.089906	0.000014	0.000000	1.920912	0.126574	0.052971	0.010056	1207184.340180
DES_SN027226.DAT	1	0.824000	-9.000000	-9.000000	-9.000000	0.564644	0.000014	-12.142500	0.004887	0.000005	0.000001	-2.712135	0.610611	0.063483	0.103384	0.837482	0.015456	-9.025603	1.239890	0.000004	0.000000	-0.883579	0.676885	-0.136457	0.080879	0.823900	0.000152	4.576816	144.023708	0.000002	0.001454	1.112646	5.053579	0.396490	0.719299	5378730.099871
DES_SN027444.DAT	1	0.517940	-9.000000	-9.000000	-9.000000	0.689896	0.015015	22.902745	0.333127	0.000008	0.000000	0.017085	0.259045	-0.125783	0.017749	0.614992	0.015181	22.161530	0.275626	0.000009	0.000000	0.080062	0.251887	-0.060694	0.026685	0.517840	0.000141	21.364083	0.237696	0.000009	0.000000	0.009214	0.233237	0.054956	0.019584	1178267.970132
DES_SN027505.DAT	1	0.842160	0.000004	1.347700	-0.011825	0.883415	0.012321	30.582443	0.395838	0.000004	0.000000	2.167011	0.251815	-0.033166	0.016445	0.799057	0.009872	29.345058	0.351679	0.000004	0.000000	1.986269	0.250391	0.122042	0.027431	0.842260	0.000189	29.833011	0.333951	0.000004	0.000000	1.953256	0.229273	0.020780	0.017928	616912.664952
DES_SN027629.DAT	1	0.469480	0.000013	0.945060	0.077130	0.577110	0.000008	26.181441	0.000194	0.000014	0.000000	1.501409	0.107050	-0.070097	0.007683	0.498307	0.006644	25.209266	0.117391	0.000014	0.000000	1.323481	0.100208	0.037928	0.010614	0.469580	0.000200	24.930907	0.100441	0.000014	0.000000	1.371162	0.099324	0.063973	0.008286	871560.082335
DES_SN028057.DAT	1	0.554740	-9.000000	-9.000000	-9.000000	0.756801	0.000000	-59.880441	0.001950	0.000054	0.000000	-1.096168	0.000001	-0.120227	0.000000	0.572192	0.024097	-2.035804	2.858869	0.000007	0.000001	-0.115982	0.514487	-0.017782	0.077176	0.554810	0.000111	-17.774762	0.000766	0.000015	0.000001	0.450669	0.377827	-0.267042	0.049215	7776.479639
DES_SN028227.DAT	22	0.510530	-9.000000	-9.000000	-9.000000	0.732297	0.004855	37.637002	0.338175	0.000009	0.000000	3.000000	0.005658	-0.117149	0.010633	0.488004	0.000000	31.712853	0.000020	0.000010	0.000000	3.000000	0.006329	0.060703	0.016278	0.510430	0.000147	34.529602	0.327374	0.000009	0.000000	3.000000	0.005644	0.031585	0.016162	479401.750165
DES_SN028571.DAT	1	0.441350	-9.000000	-9.000000	-9.000000	0.708807	0.021459	30.553521	0.579759	0.000012	0.000000	-0.403296	0.289530	-0.256834	0.012667	0.399075	0.007730	25.589301	0.675265	0.000012	0.000000	-0.876702	0.412630	-0.053905	0.023242	0.441250	0.000194	27.767843	1.159450	0.000012	0.000000	0.462673	1.098838	-0.046387	0.043144	707169.101781
DES_SN028671.DAT	1	0.659460	0.000010	1.505700	-0.124080	0.611792	0.010147	28.023596	0.334738	0.000011	0.000000	1.585187	0.262120	-0.108406	0.018454	0.713137	0.010013	28.942702	0.333556	0.000010	0.000000	1.228710	0.250231	-0.164701	0.015666	0.659360	0.000187	28.417771	0.315236	0.000010	0.000000	1.443771	0.254343	-0.145281	0.015376	676499.435911
DES_SN028934.DAT	1	0.428800	0.000015	1.716400	0.152420	0.535994	0.000005	22.133889	0.000060	0.000014	0.000000	1.444215	0.161557	0.050360	0.014986	0.376923	0.007008	20.974818	0.198001	0.000014	0.000000	1.431570	0.171758	0.247964	0.017994	0.428900	0.000166	21.336794	0.186877	0.000014	0.000000	1.606256	0.177878	0.183099	0.013868	1181120.921799
DES_SN028975.DAT	32	0.512590	-9.000000	-9.000000	-9.000000	0.720759	0.019379	20.435885	0.469064	0.000008	0.000000	-0.863888	0.282832	0.156654	0.041756	0.586441	0.012664	19.158547	0.359680	0.000007	0.000000	-1.045081	0.273148	0.304594	0.027718	0.512490	0.000187	18.748270	0.355077	0.000006	0.000000	-0.703918	0.278794	0.368243	0.026047	1506550.626575
DES_SN029053.DAT	33	0.150100	-9.000000	-9.000000	-9.000000	0.630123	0.009253	24.695269	0.340763	0.000008	0.000000	3.000000	0.611703	0.115351	0.042500	0.260657	0.016527	17.992297	0.327519	0.000009	0.000000	-0.865841	0.279782	0.500000	0.007808	0.150200	0.000157	16.911350	0.290343	0.000009	0.000000	-1.085843	0.252112	0.500000	0.002462	1806603.457073
DES_SN029492.DAT	1	0.588960	0.000011	1.691700	-0.030487	0.539453	0.036833	19.738930	1.307069	0.000011	0.000000	0.050341	1.223386	-0.003969	0.069005	0.539117	0.044365	19.746040	1.360028	0.000011	0.000000	0.058139	1.349777	-0.003319	0.083029	0.588860	0.000162	19.415577	1.298135	0.000011	0.000000	-0.605259	0.769227	-0.075955	0.019862	1410980.235435
DES_SN029516.DAT	1	0.408380	-9.000000	-9.000000	-9.000000	0.793963	0.025216	-8.484120	6.416954	0.000007	0.000001	0.607355	0.681027	0.030970	0.095956	0.343206	0.017297	-22.221668	2.349841	0.000012	0.000002	-1.125865	0.536420	0.233561	0.102022	0.408376	0.000141	-17.348772	0.001435	0.000010	0.000000	-1.507995	0.126299	0.276674	0.011885	8902.083585
DES_SN029759.DAT	1	0.615270	-9.000000	-9.000000	-9.000000	0.623666	0.008935	22.222280	0.242366	0.000006	0.000000	0.312063	0.236073	0.010082	0.021890	0.623647	0.008948	22.223700	0.242468	0.000006	0.000000	0.312571	0.236272	0.010001	0.021902	0.615370	0.000135	22.137966	0.219913	0.000006	0.000000	0.280651	0.230711	0.021816	0.017865	1100777.099474
DES_SN029864.DAT	21	0.271540	-9.000000	-9.000000	-9.000000	0.355980	0.004403	21.964336	0.127097	0.000026	0.000000	2.999999	0.194223	-0.260516	0.008369	0.355965	0.004021	21.964162	0.123972	0.000026	0.000000	3.000000	0.188459	-0.260516	0.008043	0.271640	0.000154	21.200191	0.001129	0.000030	0.000000	2.267657	0.112282	-0.167467	0.008212	1195557.859338
DES_SN029934.DAT	1	0.482990	-9.000000	-9.000000	-9.000000	0.710284	0.008813	20.622655	0.236705	0.000010	0.000000	-0.105668	0.188847	-0.190144	0.014171	0.552448	0.000022	19.245791	0.202475	0.000010	0.000000	0.210108	0.194602	-0.028169	0.015117	0.482890	0.000199	18.769107	0.190369	0.000010	0.000000	0.501113	0.192444	0.072952	0.015427	1503446.202033
DES_SN030018.DAT	1	0.637740	0.000014	-1.455000	-0.339180	0.719251	1.049933	-47.846853	125.949253	0.000074	0.001437	0.028972	4.269215	-0.498579	0.598749	0.577075	0.000000	-18.877694	0.000007	0.000023	0.000000	2.999817	0.008310	-0.213389	0.008259	0.637640	0.000021	-21.898724	0.004746	0.000037	0.000001	0.063664	0.012571	-0.499991	0.000378	0.000000
DES_SN030380.DAT	1	0.474680	-9.000000	-9.000000	-9.000000	0.667584	0.011099	26.778993	0.625493	0.000005	0.000000	-1.267750	0.449298	0.043959	0.035389	0.386351	0.010859	24.680707	0.449790	0.000005	0.000000	-1.984322	0.416208	0.295917	0.036982	0.474580	0.000199	25.165947	0.425092	0.000005	0.000000	-1.816611	0.409358	0.250122	0.035215	855673.652332
DES_SN030441.DAT	1	0.733890	0.000005	1.686000	0.023641	0.771939	0.007115	23.733654	0.314669	0.000005	0.000000	1.392864	0.240447	0.004536	0.018154	0.759690	0.002055	23.550839	0.297199	0.000005	0.000000	1.430917	0.239046	0.023134	0.014612	0.733990	0.000178	23.175409	0.300728	0.000005	0.000000	1.412170	0.218487	0.059555	0.014197	1006352.327944
DES_SN030530.DAT	33	0.290890	-9.000000	-9.000000	-9.000000	0.696941	0.006077	21.718030	0.187058	0.000007	0.000000	2.999992	0.100910	0.296247	0.015269	0.366065	0.003551	17.503657	0.171770	0.000006	0.000000	1.530605	0.130407	0.500000	0.002426	0.290990	0.000140	16.335682	0.156653	0.000006	0.000000	1.201842	0.138921	0.500000	0.000930	1913278.254130
DES_SN030660.DAT	1	0.459820	0.000013	-0.106080	0.072516	0.425525	0.000374	-2.249253	0.026739	0.000006	0.000000	-0.237728	0.397788	0.278222	0.041681	0.441210	0.012795	-11.920462	0.706518	0.000010	0.000001	-0.135354	0.447447	0.121964	0.054904	0.459720	0.000200	-12.839880	0.002527	0.000010	0.000001	-0.193629	0.446923	0.070865	0.045570	1180001.170243
DES_SN030723.DAT	1	0.414820	0.000016	-0.754550	0.052898	0.764273	0.044667	-19.179705	136.885983	0.000014	0.000841	0.128627	4.534421	-0.196445	0.648479	0.438889	0.022503	-18.551906	2.476189	0.000013	0.000002	-0.908434	0.434468	0.209812	0.097296	0.414920	0.000158	-17.654579	0.003689	0.000012	0.000001	-1.063923	0.380711	0.252681	0.057292	7823.147353
DES_SN030736.DAT	22	0.210620	-9.000000	-9.000000	-9.000000	0.343109	0.000000	22.856687	0.000000	0.000013	0.000000	3.000000	0.002661	0.237103	0.007958	0.327943	0.000012	20.701163	0.000073	0.000013	0.000000	2.999985	0.003564	0.247380	0.007947	0.210720	0.000131	18.752147	0.159230	0.000011	0.000000	2.487856	0.082001	0.500000	0.001338	1505972.501719
DES_SN030896.DAT	1	0.723940	-9.000000	-9.000000	-9.000000	0.794691	0.010468	27.961581	0.302626	0.000005	0.000000	-0.039532	0.206280	-0.108294	0.019598	0.771040	0.002342	27.807173	0.292312	0.000005	0.000000	-0.033658	0.225308	-0.081684	0.017189	0.724040	0.000162	27.400491	0.292084	0.000005	0.000000	-0.122996	0.244470	-0.026199	0.018758	725497.085050
DES_SN031012.DAT	1	0.341140	-9.000000	-9.000000	-9.000000	0.757108	0.009974	25.144763	0.255430	0.000013	0.000000	1.278750	0.234882	-0.208305	0.013400	0.402223	0.000005	21.772268	0.000169	0.000014	0.000000	1.429597	0.139389	0.124230	0.009880	0.341040	0.000151	20.944701	0.246083	0.000014	0.000000	1.106125	0.181763	0.224503	0.016012	1223309.249219
DES_SN031056.DAT	1	0.873550	0.000004	1.871100	-0.053295	0.837601	0.009766	29.742220	0.371715	0.000005	0.000000	1.809265	0.300079	0.027257	0.031488	0.837608	0.009768	29.742511	0.371808	0.000005	0.000000	1.809166	0.300217	0.027162	0.031496	0.873450	0.000104	30.432975	0.342178	0.000004	0.000000	2.077941	0.322597	-0.022785	0.021061	594206.305357
DES_SN031139.DAT	22	0.204340	-9.000000	-9.000000	-9.000000	0.908198	0.016958	20.227785	0.780697	0.000005	0.000000	-0.396828	0.244606	-0.266191	0.017665	0.331760	0.015407	16.037754	1.058535	0.000005	0.000000	0.606914	0.922815	0.422688	0.066999	0.204440	0.000113	13.582085	0.790662	0.000005	0.000000	-1.868318	0.967834	0.500000	0.009830	2563682.039981
DES_SN031574.DAT	1	0.139840	-9.000000	-9.000000	-9.000000	0.916960	0.000001	-24.764418	0.000045	0.000144	0.000001	-0.080138	0.002337	-0.334210	0.001881	0.257956	0.000001	-4.873361	0.000138	0.000105	0.000001	-0.585750	0.043464	0.004663	0.005576	0.139740	0.000004	-4.950766	0.000123	0.000090	0.000001	-0.274438	0.044584	0.235033	0.006323	5436318.468676
DES_SN031693.DAT	1	0.581310	-9.000000	-9.000000	-9.000000	0.585838	0.025736	27.985689	0.480174	0.000006	0.000000	-0.654881	0.385344	0.057333	0.046074	0.585776	0.025487	27.986107	0.480724	0.000006	0.000000	-0.650641	0.385681	0.057640	0.046118	0.581410	0.000189	27.954462	0.442206	0.000005	0.000000	-0.660764	0.380033	0.061393	0.039153	698131.054820
DES_SN031810.DAT	1	0.501240	0.000012	1.104600	0.067344	0.712921	1.094420	12.453801	143.018811	0.000008	0.001495	2.313300	5.166296	0.384618	0.546014	0.514079	0.000135	-9.615442	0.005323	0.000012	0.000000	1.507338	0.000096	-0.020106	0.000010	0.501140	0.000140	-6.032417	140.610407	0.000012	0.001423	0.884895	4.410890	0.034952	0.701955	4960394.560146
DES_SN031833.DAT	1	0.765450	-9.000000	-9.000000	-9.000000	0.826222	0.029224	23.828783	0.456113	0.000004	0.000000	0.872141	0.305168	-0.050201	0.067371	0.817248	0.059809	23.738051	0.315378	0.000004	0.000000	0.883308	0.305703	-0.030411	0.022890	0.765550	0.000101	23.382191	0.310922	0.000004	0.000000	1.109104	0.339925	0.072480	0.025559	988884.335968
DES_SN032247.DAT	1	0.662280	0.000011	1.312100	-0.180670	0.660173	0.010229	25.952462	0.397699	0.000010	0.000000	1.891302	0.408450	-0.138746	0.016208	0.558980	0.006292	25.319431	0.389725	0.000010	0.000000	2.243042	0.363226	-0.060999	0.016286	0.662180	0.000195	25.952160	0.386669	0.000010	0.000000	1.867651	0.383241	-0.139859	0.015223	805956.590449
DES_SN032338.DAT	1	0.473770	0.000014	-1.424900	-0.045549	0.521563	0.011261	25.763856	0.214054	0.000013	0.000000	-1.573602	0.162811	-0.081630	0.019867	0.521552	0.011487	25.763608	0.214398	0.000013	0.000000	-1.573728	0.162860	-0.081593	0.020169	0.473670	0.000136	25.438583	0.208515	0.000013	0.000000	-1.407162	0.162276	-0.029802	0.011678	837887.426874
DES_SN032417.DAT	1	0.532140	0.000012	0.162970	-0.030930	0.567588	0.005056	27.208871	0.141849	0.000012	0.000000	0.295902	0.094169	-0.054032	0.007743	0.567575	0.005058	27.208372	0.141852	0.000012	0.000000	0.295373	0.094169	-0.054017	0.007745	0.532040	0.000158	26.813940	0.127460	0.000012	0.000000	0.231429	0.091497	-0.010775	0.006104	756470.165172
DES_SN032769.DAT	22	0.318480	-9.000000	-9.000000	-9.000000	0.791111	0.005398	91.709608	0.111080	0.001000	0.000063	3.000000	0.021978	0.500000	0.004506	0.354178	0.003581	33.581811	0.139036	0.000028	0.000000	3.000000	0.008990	0.043845	0.014548	0.318580	0.000170	33.358482	0.125781	0.000028	0.000000	3.000000	0.006615	0.104373	0.013704	505421.027222
DES_SN032913.DAT	1	0.544570	-9.000000	-9.000000	-9.000000	0.579355	0.017398	27.829881	0.407615	0.000007	0.000000	-0.383153	0.306630	-0.073985	0.027086	0.579369	0.016967	27.830037	0.406580	0.000007	0.000000	-0.383750	0.306445	-0.074003	0.027000	0.544670	0.000200	27.469447	0.351693	0.000007	0.000000	-0.398709	0.311879	-0.041967	0.023421	721998.343270
DES_SN033025.DAT	22	0.445670	-9.000000	-9.000000	-9.000000	1.192584	0.000000	-54.718040	0.000004	0.000216	0.000002	-3.000000	0.000856	-0.097751	0.001116	0.218867	0.001389	16.365484	0.092019	0.000016	0.000000	3.000000	0.001039	0.330971	0.009375	0.445570	0.000125	19.432636	0.095371	0.000017	0.000000	3.000000	0.000726	-0.026511	0.006252	1408637.631175
DES_SN033270.DAT	1	0.514600	-9.000000	-9.000000	-9.000000	0.562898	0.011829	26.658172	0.326088	0.000010	0.000000	0.005759	0.228444	-0.081235	0.023479	0.504184	0.019975	26.119945	0.308858	0.000010	0.000000	-0.079987	0.213912	0.008769	0.035721	0.514500	0.000152	26.186406	0.274168	0.000010	0.000000	-0.104662	0.210461	-0.007757	0.018631	791981.752169
DES_SN033296.DAT	22	0.602590	-9.000000	-9.000000	-9.000000	0.705294	0.000055	36.590688	0.001770	0.000006	0.000000	3.000000	0.016944	-0.133213	0.015338	0.473459	0.000043	38.191245	nan	0.000006	0.000000	2.999995	3.702548	0.065523	nan	0.602490	0.000115	37.218539	0.576601	0.000006	0.000000	3.000000	0.017334	-0.125167	0.019359	436130.474683
DES_SN033502.DAT	1	0.878870	0.000005	-0.662140	-0.219870	0.817674	0.006909	29.600810	0.296887	0.000005	0.000000	-0.629980	0.177390	-0.107265	0.016445	0.845070	0.001155	29.998546	0.298304	0.000005	0.000000	-0.437696	0.163128	-0.143739	0.011489	0.878770	0.000161	30.649445	0.302099	0.000005	0.000000	-0.156243	0.147454	-0.171090	0.010026	586370.965440
DES_SN033686.DAT	1	0.356150	-9.000000	-9.000000	-9.000000	0.399119	0.002101	21.954867	0.092610	0.000021	0.000000	1.078677	0.087595	-0.025537	0.007560	0.315576	0.000002	21.257337	0.000077	0.000021	0.000000	0.590208	0.078227	0.130446	0.007200	0.356050	0.000200	21.471567	0.090799	0.000021	0.000000	1.094019	0.083249	0.050100	0.007027	1167125.213919
