#file	type	true_z	true_x0	true_x1	true_c	S2noz_z	S2noz_zoerr	S2noz_to	S2noz_toerr	S2noz_xo	S2noz_xoerr	S2noz_x1	S2noz_x1err	S2noz_c	S2noz_cerr	S2zsp_z	S2zsp_zoerr	S2zsp_to	S2zsp_toerr	S2zsp_xo	S2zsp_xoerr	S2zsp_x1	S2zsp_x1err	S2zsp_c	S2zsp_cer
DES_SN000143.DAT	1	0.553430	0.000012	0.984830	-0.037835	0.712485	0.000003	26.235991	0.000131	0.000010	0.000000	1.093365	0.227264	-0.134664	0.014372	0.552514	0.001042	25.265927	146.515867	0.000011	0.001423	1.543213	3.727881	0.009102	0.712492
DES_SN000335.DAT	22	0.352090	-9.000000	-9.000000	-9.000000	0.493448	0.004156	40.232688	0.210186	0.000021	0.000000	3.000000	0.005289	0.249917	0.016565	0.351090	0.000256	37.920659	0.180841	0.000021	0.000000	3.000000	0.012209	0.317484	0.014464
DES_SN000340.DAT	1	0.610690	-9.000000	-9.000000	-9.000000	0.710232	0.017008	28.547137	0.656808	0.000006	0.000000	0.090794	0.461144	-0.035951	0.035699	0.609690	0.001723	27.581267	0.613921	0.000006	0.000000	0.163797	0.443104	0.061346	0.035352
DES_SN000530.DAT	1	0.577400	0.000010	0.042701	-0.031247	0.827488	1.074341	19.943299	145.920885	0.000005	0.001423	-1.736306	4.432755	-0.319734	0.735225	0.576400	0.001953	22.454461	0.148764	0.000009	0.000000	0.279183	0.121337	-0.018504	0.007487
DES_SN001421.DAT	1	0.931050	0.000005	0.363340	-0.212650	0.773592	0.016816	27.067388	0.446337	0.000005	0.000000	0.038802	0.323850	0.041669	0.044022	0.932050	0.001996	29.103819	0.434438	0.000005	0.000000	0.437627	0.292213	-0.154713	0.019386
DES_SN001483.DAT	1	0.724330	0.000005	0.833860	0.011591	0.466128	0.972996	-34.288702	132.742643	0.000011	0.001460	0.047169	4.357375	-0.417083	0.520154	0.725330	0.001717	29.745772	0.235797	0.000006	0.000000	1.080113	0.254348	-0.006947	0.020933
DES_SN001566.DAT	22	0.301700	-9.000000	-9.000000	-9.000000	1.229992	0.000004	-51.472492	0.001175	0.000094	0.000003	-2.999995	0.003363	-0.085981	0.004245	0.302700	0.001448	23.914948	0.001757	0.000007	0.000000	3.000000	0.042197	0.161988	0.028150
DES_SN001770.DAT	1	0.432070	-9.000000	-9.000000	-9.000000	0.601002	0.012450	26.573940	0.699524	0.000011	0.000001	2.884116	1.195823	-0.150072	0.021257	0.433070	0.001685	19.947962	0.841215	0.000012	0.000000	-1.205259	0.510144	-0.080426	0.025616
DES_SN002223.DAT	1	0.141890	-9.000000	-9.000000	-9.000000	0.694193	0.002337	3.372153	0.215157	0.000041	0.000000	-0.133078	0.039846	-0.239495	0.003259	0.140890	0.000006	-17.018660	0.000138	0.000098	0.000002	-0.397607	0.056899	0.198174	0.009312
DES_SN002475.DAT	1	0.541430	-9.000000	-9.000000	-9.000000	0.576217	0.000004	20.122231	0.000042	0.000008	0.000000	0.986502	0.269216	-0.036860	0.017651	0.542430	0.002000	20.219915	0.280953	0.000008	0.000000	1.080162	0.276669	0.002351	0.018146
DES_SN002864.DAT	22	0.469790	-9.000000	-9.000000	-9.000000	0.726171	0.000002	-35.324462	0.000036	0.000064	0.000001	-0.125579	0.007376	-0.500000	0.000350	0.468790	0.000085	-13.462779	0.000760	0.000025	0.000000	2.999988	0.015873	-0.211724	0.013028
DES_SN002901.DAT	1	0.643210	0.000016	3.546800	-0.189620	0.623977	0.009006	21.277974	0.159027	0.000013	0.000000	3.000000	0.070765	-0.155432	0.010309	0.642210	0.001716	21.435879	0.139170	0.000013	0.000000	3.000000	0.097594	-0.163493	0.008879
DES_SN003177.DAT	1	0.422760	0.000018	0.720650	0.038686	0.680651	0.027833	26.220813	0.401292	0.000015	0.000000	0.943953	0.184929	-0.202554	0.011732	0.423760	0.001306	23.950986	0.219102	0.000017	0.000000	1.206655	0.186096	0.033534	0.013526
DES_SN003290.DAT	1	0.332560	-9.000000	-9.000000	-9.000000	0.787493	0.004259	23.702269	0.107120	0.000014	0.000000	0.072303	0.025241	-0.331182	0.002827	0.331560	0.000333	19.632200	0.079423	0.000020	0.000000	-0.876230	0.073095	0.055741	0.007943
DES_SN003409.DAT	1	0.537050	0.000014	-1.092600	-0.154460	0.567535	0.000006	27.635575	0.000272	0.000014	0.000000	-0.528785	0.107451	-0.163321	0.005693	0.536051	0.000047	26.841499	0.102514	0.000014	0.000000	-0.892416	0.094112	-0.132417	0.006247
DES_SN003441.DAT	22	0.268410	-9.000000	-9.000000	-9.000000	0.884412	0.019626	33.143304	0.398924	0.000005	0.000000	0.035762	0.042822	-0.389268	0.009287	0.267410	0.000228	27.020570	0.490865	0.000008	0.000001	0.503193	0.657521	0.077562	0.052088
DES_SN003685.DAT	1	0.803190	0.000005	-0.205530	-0.071684	0.844202	0.016471	28.413501	0.879591	0.000005	0.000000	-0.340242	0.399566	-0.140623	0.044635	0.804190	0.001974	27.956684	0.825823	0.000005	0.000000	-0.280417	0.496353	-0.064478	0.043110
DES_SN003934.DAT	1	0.159450	-9.000000	-9.000000	-9.000000	0.620336	0.004536	20.696433	0.163073	0.000130	0.000001	-1.185186	0.068059	-0.354745	0.002303	0.158450	0.001758	14.882028	0.126998	0.000143	0.000001	-0.958037	0.116681	0.018762	0.006788
DES_SN003950.DAT	1	0.581140	-9.000000	-9.000000	-9.000000	0.698426	0.006325	28.072804	0.180088	0.000009	0.000000	0.858647	0.149833	-0.059098	0.010826	0.580140	0.001929	27.104138	0.168286	0.000009	0.000000	0.893421	0.141337	0.059275	0.010799
DES_SN004088.DAT	1	0.496000	0.000017	-2.619600	-0.214200	0.511098	0.004902	23.213045	0.108087	0.000014	0.000000	-1.978909	0.084844	-0.097824	0.010579	0.497000	0.001411	23.156898	0.106540	0.000014	0.000000	-1.960860	0.085388	-0.075184	0.006711
DES_SN004131.DAT	1	0.391010	-9.000000	-9.000000	-9.000000	0.719990	0.006021	27.986748	0.118668	0.000013	0.000000	0.157441	0.082257	-0.184321	0.009132	0.392010	0.001293	24.769306	0.111062	0.000014	0.000000	0.385789	0.109747	0.153962	0.010527
DES_SN004195.DAT	1	0.568140	-9.000000	-9.000000	-9.000000	0.605608	0.000351	24.701133	0.009945	0.000006	0.000001	-0.198763	0.715955	-0.049392	0.417479	0.567140	0.001720	24.315069	0.434983	0.000006	0.000000	-0.355628	0.391482	-0.009733	0.036250
DES_SN004289.DAT	1	0.498870	-9.000000	-9.000000	-9.000000	0.723212	0.000012	29.770232	0.000496	0.000009	0.000000	-0.159104	0.142942	-0.242745	0.009411	0.497870	0.000189	26.766695	0.246402	0.000011	0.000000	-0.973947	0.198284	-0.058307	0.014305
DES_SN004440.DAT	1	0.360990	0.000023	0.248460	0.080247	0.567737	0.005292	23.475272	0.135528	0.000020	0.000000	0.004588	0.113668	-0.151153	0.010995	0.359990	0.001495	22.079403	0.120771	0.000021	0.000000	0.314432	0.113708	0.123920	0.010542
DES_SN004881.DAT	1	0.486250	0.000020	1.521400	-0.095778	0.501802	0.005783	25.241188	0.291304	0.000015	0.000000	1.936433	0.192596	-0.060949	0.013297	0.485250	0.000154	25.117284	0.289193	0.000015	0.000000	1.979156	0.192014	-0.043166	0.010737
DES_SN005039.DAT	1	0.341260	0.000030	0.238170	0.013649	0.677854	0.006188	22.071966	0.130651	0.000020	0.000000	0.186291	0.085217	-0.291101	0.005594	0.342260	0.000189	18.722711	0.117528	0.000026	0.000000	-0.040083	0.105328	0.025968	0.009216
DES_SN005417.DAT	1	0.671600	0.000005	0.093409	0.065413	0.744410	0.008667	23.467933	0.246125	0.000006	0.000000	0.459447	0.198159	-0.053258	0.021488	0.670600	0.000229	22.675399	0.215075	0.000005	0.000000	0.440475	0.174181	-0.000322	0.017421
DES_SN006341.DAT	1	0.368210	0.000025	0.100960	0.022981	0.747317	0.000004	-42.283677	169.446943	0.000110	0.000000	-0.875961	0.000005	-0.311311	0.000001	0.369210	0.000418	21.291271	0.081530	0.000023	0.000000	0.530399	0.073003	0.029321	0.006420
DES_SN006603.DAT	1	0.683550	0.000009	-1.339700	-0.242470	0.707378	0.006199	29.345163	0.174464	0.000009	0.000000	-0.597198	0.108467	-0.169789	0.009244	0.684550	0.000081	29.082908	0.148419	0.000009	0.000000	-0.713764	0.061678	-0.166569	0.008776
DES_SN006675.DAT	1	0.434010	0.000010	-1.879800	0.159730	0.555099	0.010836	25.688817	0.334256	0.000010	0.000000	-1.909413	0.203463	-0.030947	0.022446	0.435010	0.001874	25.019285	0.336675	0.000010	0.000000	-1.862593	0.226245	0.091971	0.021326
DES_SN006712.DAT	1	0.801900	0.000004	-2.915500	-0.166600	1.297511	0.025212	37.832768	0.790168	0.000003	0.000000	0.313368	0.137800	-0.254335	0.015178	0.801347	0.001193	-46.157446	0.016412	0.000011	0.000001	0.076746	0.020738	-0.499560	0.009069
DES_SN006869.DAT	22	0.421020	-9.000000	-9.000000	-9.000000	0.793090	0.004198	43.765561	0.232593	0.000017	0.000000	-0.245461	0.030701	-0.334496	0.005042	0.420020	0.001296	41.685529	0.206543	0.000015	0.000000	3.000000	0.004119	0.240820	0.017591
DES_SN007221.DAT	1	0.839830	0.000004	2.109100	-0.010679	1.498757	0.000005	-78.031563	0.000270	0.000087	0.000002	-0.197036	0.015873	-0.222798	0.008126	0.839610	0.001379	30.242434	150.130540	0.000003	0.001443	2.876574	4.143600	0.188336	0.738162
DES_SN007245.DAT	32	0.528340	-9.000000	-9.000000	-9.000000	0.976614	nan	-63.861054	0.000948	0.000071	0.000002	-0.062138	0.019331	-0.406651	0.017881	0.529340	0.001386	20.494118	0.381405	0.000007	0.000000	-1.234924	0.399136	0.382134	0.043927
DES_SN007453.DAT	32	0.138320	-9.000000	-9.000000	-9.000000	0.839962	0.009865	8.338009	0.549941	0.000010	0.000000	3.000000	0.153473	-0.027902	0.021632	0.138268	0.001473	-18.950631	0.002247	0.000019	0.000000	-0.485498	0.187527	0.500000	0.002856
DES_SN007510.DAT	1	0.550280	-9.000000	-9.000000	-9.000000	0.694039	0.016780	28.818594	0.504636	0.000007	0.000000	0.309429	0.348598	-0.088711	0.030019	0.549280	0.001265	27.592696	0.469772	0.000007	0.000000	0.340419	0.360914	0.062732	0.031938
DES_SN007561.DAT	1	0.850390	0.000004	-0.113350	-0.061132	0.832035	0.009981	30.000721	0.754782	0.000004	0.000000	-0.768084	0.543655	-0.024093	0.032671	0.849390	0.001919	30.602035	0.692089	0.000004	0.000000	-0.424899	0.477091	-0.049124	0.026718
DES_SN007797.DAT	22	0.194000	-9.000000	-9.000000	-9.000000	0.755000	0.057681	82.632578	0.099749	0.000133	0.001546	0.000000	4.481649	0.000000	0.746941	0.195000	0.000137	27.532183	0.327327	0.000023	0.000001	-1.194896	0.367792	0.173839	0.021239
DES_SN007940.DAT	1	0.457390	0.000021	-1.024100	-0.163310	0.658916	0.031031	24.566691	0.483391	0.000018	0.000001	-0.427145	0.175754	-0.301208	0.011722	0.456390	0.000151	22.612151	0.228786	0.000022	0.000000	-0.711960	0.149571	-0.140329	0.013112
DES_SN008008.DAT	1	0.155270	0.000207	1.686100	0.016980	0.212039	0.000001	18.566279	0.000046	0.000217	0.000001	1.752107	0.044491	-0.108662	0.003771	0.156270	0.000123	17.670364	0.029601	0.000214	0.000001	1.823471	0.038791	-0.029060	0.003981
DES_SN008057.DAT	21	0.581280	-9.000000	-9.000000	-9.000000	0.849033	0.001587	56.707257	164.311480	0.000007	0.000000	0.803768	0.000853	-0.276969	0.000407	0.580280	0.000029	30.886917	0.148756	0.000009	0.000000	2.994968	0.020963	-0.282193	0.007590
DES_SN008662.DAT	1	0.547760	0.000007	0.269840	0.164860	0.438327	0.017820	25.913925	0.410383	0.000006	0.000000	0.160616	0.374519	0.258974	0.038584	0.546868	0.001260	26.592847	162.451802	0.000004	0.001500	1.490421	3.752848	0.420029	0.593036
DES_SN008733.DAT	1	0.229730	0.000075	-0.586110	-0.017990	0.512831	0.000002	-14.560806	0.000091	0.000054	0.000000	-0.807390	0.049722	-0.305058	0.004202	0.228730	0.000290	-16.396726	0.000313	0.000053	0.000001	-1.100132	0.073665	0.114735	0.013548
DES_SN008872.DAT	1	0.745050	-9.000000	-9.000000	-9.000000	1.009102	0.030233	35.783121	2.222037	0.000003	0.000000	2.073123	1.375830	-0.059624	0.055969	0.746050	0.001322	30.594788	1.408331	0.000003	0.000000	-0.710752	1.319310	0.227699	0.094254
DES_SN008897.DAT	1	0.655890	-9.000000	-9.000000	-9.000000	0.708359	0.011062	29.334227	0.300202	0.000005	0.000000	0.937067	0.265913	0.050040	0.023567	0.656890	0.000231	28.852787	0.239509	0.000005	0.000000	1.035752	0.248089	0.088451	0.020593
DES_SN008978.DAT	1	0.503300	-9.000000	-9.000000	-9.000000	0.462934	0.004785	20.835774	0.130541	0.000014	0.000000	1.417831	0.108770	-0.037627	0.009199	0.502300	0.001127	21.258116	0.113747	0.000013	0.000000	1.410067	0.105688	-0.072446	0.008005
DES_SN009303.DAT	1	0.695450	0.000008	0.938290	-0.124070	0.732312	0.008809	23.639397	0.355338	0.000008	0.000000	0.826388	0.243959	-0.097204	0.018608	0.696450	0.000075	23.227307	0.001290	0.000008	0.000000	0.875290	0.241010	-0.068040	0.014841
DES_SN009704.DAT	22	0.041252	-9.000000	-9.000000	-9.000000	0.394922	0.000825	45.995284	0.079783	0.000389	0.000001	3.000000	0.000551	-0.126342	0.002466	0.040923	0.001015	24.002506	0.703290	0.000826	0.000009	2.915956	0.015138	-0.174836	0.008651
DES_SN009820.DAT	22	0.292930	-9.000000	-9.000000	-9.000000	0.773123	0.622660	-58.753345	68.085715	0.000064	0.000191	-1.437669	2.213394	-0.329701	0.314945	0.293930	0.001548	17.122256	0.525235	0.000011	0.000000	2.214912	0.528052	-0.156129	0.030796
DES_SN009905.DAT	33	0.184470	-9.000000	-9.000000	-9.000000	0.707823	0.002242	-38.387059	0.232713	0.000061	0.000001	0.067321	0.005195	-0.500000	0.000106	0.183470	0.000052	-13.180346	0.004668	0.000022	0.000001	-0.616651	0.092544	0.318176	0.018274
DES_SN010320.DAT	1	0.549130	0.000011	-1.373300	-0.097498	0.675833	0.009855	28.411892	0.212384	0.000010	0.000000	-1.015175	0.134928	-0.148313	0.016085	0.548130	0.001762	27.153796	0.187006	0.000010	0.000000	-0.932692	0.149121	0.011393	0.016364
DES_SN010431.DAT	1	0.717920	0.000007	0.036117	-0.117430	0.752449	0.010635	26.328046	0.446791	0.000007	0.000000	0.242435	0.319288	-0.032959	0.028984	0.718920	0.001826	25.985961	0.431107	0.000007	0.000000	0.173741	0.321201	0.013140	0.024542
DES_SN010485.DAT	32	0.411930	-9.000000	-9.000000	-9.000000	0.728975	0.006293	12.608994	0.264620	0.000014	0.000000	-1.447617	0.244497	0.056210	0.023622	0.410930	0.001500	11.549919	0.250415	0.000011	0.000000	0.163955	0.299917	0.459405	0.015499
DES_SN010603.DAT	1	0.778930	-9.000000	-9.000000	-9.000000	0.770512	0.019312	21.910278	0.654146	0.000004	0.000000	0.424226	0.601560	0.040213	0.055014	0.779930	0.000268	21.977391	0.607130	0.000004	0.000000	0.362739	0.517768	0.023238	0.038230
DES_SN010662.DAT	22	0.231830	-9.000000	-9.000000	-9.000000	0.844904	0.006405	37.402183	0.126073	0.000013	0.000000	-0.500651	0.036702	-0.358592	0.002776	0.232830	0.000362	31.207124	0.103651	0.000018	0.000000	3.000000	0.021942	0.157010	0.012470
DES_SN010866.DAT	1	0.548210	0.000016	1.181700	-0.139420	0.588735	0.000009	-8.356108	0.904347	0.000016	0.000001	0.523528	0.162187	-0.238419	0.016337	0.549210	0.001231	-6.378900	0.000491	0.000015	0.000000	0.195045	0.152914	-0.170485	0.011527
DES_SN011172.DAT	1	0.620780	0.000005	-1.822600	0.116920	0.708766	0.022341	15.232935	0.365572	0.000005	0.000000	-1.002543	0.217342	-0.003640	0.028688	0.619780	0.001668	14.271334	0.271399	0.000005	0.000000	-1.081166	0.206644	0.085498	0.021956
DES_SN011182.DAT	1	0.370490	0.000027	-0.052730	-0.025693	0.717129	0.007874	-4.629252	2.754687	0.000011	0.000001	2.599500	0.490877	-0.087965	0.049566	0.369700	0.001455	-8.508565	140.662408	0.000016	0.001433	-0.127459	4.231771	0.182121	0.740078
DES_SN011436.DAT	32	0.260890	-9.000000	-9.000000	-9.000000	0.643451	0.008785	20.391438	0.400476	0.000007	0.000000	-2.690733	0.303685	0.166886	0.039538	0.259890	0.001704	19.985817	0.512811	0.000005	0.000000	-2.999999	0.270401	0.500000	0.003871
DES_SN011720.DAT	1	0.641290	0.000013	1.310100	-0.201490	0.614034	0.004632	27.502443	0.143684	0.000012	0.000000	1.590310	0.123989	-0.175297	0.006048	0.640290	0.000009	27.815340	0.133384	0.000012	0.000000	1.607189	0.125559	-0.187104	0.005544
DES_SN011945.DAT	1	0.580560	0.000010	0.400370	-0.036844	0.695859	0.014339	20.011986	0.341791	0.000009	0.000000	0.527461	0.287043	-0.117114	0.024878	0.579560	0.001041	18.898425	0.300150	0.000009	0.000000	0.662042	0.272761	-0.018197	0.023909
DES_SN012535.DAT	1	0.837770	0.000005	1.527500	-0.062193	0.719395	0.000031	-62.960014	0.000833	0.000049	0.000001	0.090954	0.011539	-0.444730	0.026138	0.838770	0.001710	5.066209	0.000436	0.000004	0.000000	-0.523626	0.291868	0.031588	0.034921
DES_SN012626.DAT	22	0.197150	-9.000000	-9.000000	-9.000000	0.703126	nan	-49.192903	0.002301	0.000093	0.000002	-0.032893	0.008424	-0.499999	0.001676	0.198150	0.001355	21.121185	0.349514	0.000008	0.000000	2.999992	0.483481	0.499999	0.017521
DES_SN012801.DAT	21	0.709120	-9.000000	-9.000000	-9.000000	0.156764	0.794304	12.244815	144.571723	0.000023	0.001426	2.999983	3.704843	-0.116764	0.731498	0.710120	0.001721	19.107666	0.220576	0.000013	0.000000	-0.269959	0.023902	-0.458542	0.004392
DES_SN013361.DAT	1	0.717460	0.000009	-0.185830	-0.240600	0.770418	0.001802	-15.499446	0.063184	0.000012	0.000000	-0.015654	0.017981	-0.412452	0.015298	0.716907	0.001178	-87.148576	112.558104	-0.000519	0.001203	-0.619220	4.188415	0.046826	0.765618
DES_SN013745.DAT	21	0.940000	-9.000000	-9.000000	-9.000000	0.497918	0.013759	21.522133	0.448637	0.000007	0.000000	3.000000	0.020537	-0.034606	0.029567	0.939401	0.001112	-53.778486	147.861641	0.000091	0.001398	-2.107833	4.382638	-0.037135	0.718382
DES_SN013985.DAT	1	0.273020	0.000078	2.378700	-0.071577	0.162817	0.000001	-7.156834	0.000121	0.000188	0.000002	1.557982	0.036920	-0.155773	0.006531	0.274020	0.000075	14.801226	0.113993	0.000082	0.000001	1.897098	0.068602	-0.092578	0.004749
DES_SN014013.DAT	1	0.406670	-9.000000	-9.000000	-9.000000	0.451945	0.004413	22.658275	0.157126	0.000013	0.000000	0.415077	0.121822	0.088861	0.010083	0.407628	0.001971	22.654178	0.000725	0.000013	0.000000	0.248698	0.114975	0.133728	0.007689
DES_SN014212.DAT	1	0.783530	0.000004	0.154210	-0.013890	0.933797	0.022295	31.696798	0.653592	0.000004	0.000000	0.307629	0.369202	-0.174196	0.022031	0.782530	0.001913	30.062308	0.669756	0.000004	0.000000	0.368857	0.459321	-0.005347	0.032404
DES_SN014245.DAT	1	0.411590	0.000023	2.004700	0.016097	0.403253	0.004352	24.145883	0.223148	0.000019	0.000000	2.835500	0.181005	0.093732	0.012589	0.410590	0.001559	24.181073	0.223871	0.000019	0.000000	2.803616	0.182086	0.081355	0.009889
DES_SN014542.DAT	1	0.319160	-9.000000	-9.000000	-9.000000	0.583515	0.007265	22.874742	0.194112	0.000020	0.000000	-0.901043	0.186128	-0.229850	0.011567	0.318160	0.001426	21.095208	0.159702	0.000023	0.000001	-1.100125	0.236376	0.051606	0.021478
DES_SN014665.DAT	1	0.461580	0.000011	-3.971700	-0.051264	0.373540	0.042353	99.598260	1.326203	-0.000010	0.000006	-3.000000	0.730989	-0.276919	0.309846	0.460581	0.001692	-20.899630	1.346099	0.000011	0.000002	-3.000000	0.200087	-0.012027	0.108395
DES_SN015093.DAT	1	0.673650	-9.000000	-9.000000	-9.000000	0.725154	0.009009	27.142847	0.311707	0.000006	0.000000	-0.285117	0.222778	-0.107855	0.020221	0.672650	0.000270	26.634757	0.291486	0.000006	0.000000	-0.243054	0.222011	-0.061930	0.016685
DES_SN015152.DAT	22	0.487110	-9.000000	-9.000000	-9.000000	0.755000	0.196637	75.489101	0.199858	0.000068	0.001521	0.000000	4.481649	0.000000	0.746941	0.488110	0.001859	21.124162	0.281415	0.000008	0.000000	3.000000	0.007835	-0.330698	0.008161
DES_SN015230.DAT	3	0.468300	-9.000000	-9.000000	-9.000000	0.650794	0.041297	95.303901	0.872162	0.000046	0.000022	0.905175	0.755330	0.499952	0.753886	0.468975	0.001466	-4.421358	141.038203	0.000004	0.001422	0.428993	4.364022	0.500000	0.617754
DES_SN015470.DAT	1	0.411210	0.000015	0.203530	0.132340	0.352916	0.012291	21.895047	0.242060	0.000012	0.000000	0.152317	0.229994	0.281633	0.026964	0.410210	0.001783	22.470256	0.204559	0.000012	0.000000	0.393782	0.198324	0.219752	0.019622
DES_SN015510.DAT	22	0.144330	-9.000000	-9.000000	-9.000000	0.101517	0.001658	22.726501	0.083909	0.000021	0.000000	2.355320	0.135117	0.410451	0.013758	0.143330	0.000217	23.158276	0.074273	0.000021	0.000000	2.087823	0.120425	0.389369	0.013354
DES_SN015713.DAT	1	0.622580	0.000006	-1.202400	0.057793	0.636293	0.016701	27.478951	0.569534	0.000006	0.000000	-0.439108	0.381813	0.068617	0.043675	0.621592	0.001899	-41.124379	0.003497	0.000027	0.000000	0.017330	0.032738	-0.497292	0.002659
DES_SN015984.DAT	1	0.648580	0.000005	-0.085932	0.111030	0.470561	0.000039	-50.519272	0.000178	0.000051	0.000000	-1.491040	0.005583	-0.151910	0.000966	0.647580	0.001999	-3.379127	2.192018	0.000005	0.000000	1.981633	0.630523	0.151762	0.037543
DES_SN016096.DAT	1	0.697470	0.000005	-0.506300	-0.010458	0.747843	0.009438	28.538622	0.295969	0.000005	0.000000	0.135270	0.222981	0.008957	0.026690	0.698470	0.001253	28.043009	146.831016	0.000005	0.001422	-0.038762	4.254956	0.061705	0.722978
DES_SN016151.DAT	22	0.352080	-9.000000	-9.000000	-9.000000	0.786733	0.007148	29.433652	0.300446	0.000009	0.000000	-0.303706	0.070874	-0.339860	0.007794	0.351080	0.001493	25.681665	0.293254	0.000009	0.000000	3.000000	0.059400	0.202712	0.025363
DES_SN016236.DAT	1	0.298360	-9.000000	-9.000000	-9.000000	0.711372	0.589904	-18.516685	38.392729	0.000023	0.001426	-0.001752	4.261858	-0.445027	0.506507	0.299180	nan	-12.932014	0.313256	0.000016	0.000001	-1.136837	0.125760	0.327399	0.023642
DES_SN016610.DAT	1	0.508800	0.000008	-0.688730	0.141070	0.674999	0.011248	26.826599	0.450290	0.000007	0.000000	0.007021	0.328948	-0.058596	0.023578	0.509800	0.001676	25.385263	0.380939	0.000007	0.000000	-0.180873	0.309011	0.138600	0.023905
DES_SN016887.DAT	1	0.717340	0.000008	1.381800	-0.140040	0.705637	0.005657	-41.169041	0.000468	0.000042	0.000001	-0.012925	0.018380	-0.489923	0.011886	0.718340	0.001729	23.700102	0.323695	0.000008	0.000000	0.874710	0.333218	-0.140820	0.019738
DES_SN016981.DAT	1	0.575070	0.000008	-0.755220	0.037687	0.946612	0.000022	-28.300586	0.001778	0.000014	0.000001	0.101182	0.043501	-0.356881	0.032139	0.574157	0.001411	-9.680869	140.934345	0.000004	0.001437	2.551424	3.077498	0.379342	0.544214
DES_SN017007.DAT	33	0.094455	-9.000000	-9.000000	-9.000000	0.420859	0.002190	24.237750	0.063195	0.000105	0.000001	3.000000	0.010059	-0.058381	0.004878	0.095455	0.000099	19.484540	0.053430	0.000095	0.000001	1.329637	0.058791	0.426559	0.007104
DES_SN017251.DAT	1	0.483270	-9.000000	-9.000000	-9.000000	0.588698	0.008514	21.033035	0.234565	0.000008	0.000000	-2.170684	0.153089	-0.144180	0.017922	0.482270	0.000349	20.402679	0.214356	0.000008	0.000000	-2.229784	0.158325	-0.002087	0.018357
DES_SN017287.DAT	1	0.736340	0.000004	0.927170	0.114250	1.022325	0.033535	29.277957	1.070009	0.000003	0.000000	0.516636	0.415423	-0.219171	0.031065	0.737340	0.001991	28.617965	1.009797	0.000004	0.000000	2.998631	5.752523	0.135718	0.062120
DES_SN017600.DAT	1	0.624860	0.000006	2.335000	0.177090	0.815652	0.000000	6.186427	0.000002	0.000005	0.000000	0.726447	0.626437	0.198131	0.004575	0.624797	nan	-1.188145	0.002959	0.000004	0.000000	0.370535	0.612530	0.415536	0.060388
DES_SN017604.DAT	1	0.710540	0.000008	-0.151150	-0.173280	0.715710	0.009202	29.226765	0.204615	0.000008	0.000000	0.221529	0.153669	-0.135277	0.015882	0.711540	0.001491	29.186211	0.186766	0.000008	0.000000	0.230925	0.155902	-0.131252	0.013333
DES_SN017624.DAT	1	0.485150	-9.000000	-9.000000	-9.000000	0.463125	0.006510	21.220500	0.138545	0.000012	0.000000	-0.204086	0.127918	0.021740	0.011884	0.484151	0.000267	21.409426	0.125476	0.000011	0.000000	-0.169704	0.125413	0.006646	0.010237
DES_SN017687.DAT	32	0.553770	-9.000000	-9.000000	-9.000000	0.653695	0.005965	15.878332	0.187896	0.000006	0.000000	-1.463930	0.165142	0.291358	0.021325	0.554769	0.000145	15.412567	0.183654	0.000005	0.000000	-1.197162	0.177931	0.445040	0.019423
DES_SN017752.DAT	1	0.242540	-9.000000	-9.000000	-9.000000	0.706485	0.005107	-22.864893	0.462847	0.000037	0.000001	0.078764	0.011865	-0.500000	0.004100	0.241540	0.001972	-17.973592	0.001292	0.000031	0.000001	-1.161198	0.151352	0.187720	0.031354
DES_SN018085.DAT	22	0.242350	-9.000000	-9.000000	-9.000000	0.684211	0.090560	52.864486	3.148734	0.000045	0.000108	1.671595	5.088843	-0.412736	0.882891	0.241350	0.001747	22.156226	0.462058	0.000011	0.000001	-2.903154	0.828751	-0.009249	0.036385
DES_SN018157.DAT	1	0.580500	0.000008	-0.221550	0.047429	0.726905	0.012572	26.248604	0.299068	0.000006	0.000000	0.240313	0.259924	-0.037877	0.033195	0.579500	0.001670	24.934891	0.278341	0.000006	0.000000	0.449620	0.255122	0.144522	0.022448
DES_SN018181.DAT	1	0.606250	0.000010	-0.071749	-0.087729	0.727437	0.006056	-53.714230	0.806301	0.000080	0.000003	-3.000000	0.007709	-0.059995	0.012103	0.605250	0.001567	23.935065	1.416817	0.000010	0.000000	-0.719427	1.019442	-0.041159	0.035503
DES_SN018245.DAT	1	0.398070	-9.000000	-9.000000	-9.000000	0.751984	0.008145	28.123279	0.200447	0.000009	0.000000	1.008070	0.147340	-0.091741	0.014822	0.399070	0.001703	24.634786	0.151534	0.000009	0.000000	0.891863	0.128422	0.301914	0.012092
DES_SN018420.DAT	22	0.345550	-9.000000	-9.000000	-9.000000	0.771323	0.399687	96.896984	164.744924	0.000001	0.001494	-1.416831	4.903942	0.041834	0.763731	0.344550	0.001996	24.450063	0.392602	0.000010	0.000000	-0.615784	0.398886	-0.123515	0.038252
DES_SN018450.DAT	22	0.298870	-9.000000	-9.000000	-9.000000	0.733801	1.053449	-47.775315	125.980268	0.000113	0.001444	-2.999998	3.693763	-0.174895	0.656881	0.299870	0.000407	22.287041	0.322128	0.000011	0.000000	3.000000	0.078682	0.230067	0.028047
DES_SN018714.DAT	22	0.214150	-9.000000	-9.000000	-9.000000	0.903243	0.001324	47.585962	0.082022	-0.000175	0.000004	-2.999992	0.955920	-0.051836	0.006119	0.215150	0.000370	8.377111	0.125578	0.000014	0.000000	-0.633193	0.246963	0.313353	0.015068
DES_SN018788.DAT	22	0.175630	-9.000000	-9.000000	-9.000000	0.722735	1.050738	-28.257560	133.863889	0.000043	0.001430	-0.570520	4.108041	-0.354688	0.729821	0.174630	0.000030	36.306039	0.003057	0.000007	0.000000	2.944382	0.033483	0.499552	0.000828
DES_SN018792.DAT	1	0.452570	0.000016	-1.667700	-0.065021	0.567449	0.007319	25.255419	0.183748	0.000015	0.000000	-1.229314	0.115421	-0.150142	0.012162	0.451570	0.001501	24.202628	0.136160	0.000015	0.000000	-1.264201	0.108904	-0.038780	0.012646
DES_SN019167.DAT	1	0.475260	-9.000000	-9.000000	-9.000000	0.663136	1.112801	-12.006460	0.000034	0.000018	0.000000	0.327267	0.021671	-0.240564	0.006026	0.476260	0.001604	-3.821894	0.000231	0.000013	0.000000	-0.304281	0.120426	0.036605	0.011560
DES_SN019624.DAT	22	0.394470	-9.000000	-9.000000	-9.000000	0.681838	0.000030	-33.072781	0.000941	0.000032	0.000000	-0.121763	0.009205	-0.500000	0.000861	0.393470	0.001711	14.968056	0.286712	0.000007	0.000000	3.000000	0.013759	0.173529	0.017717
DES_SN019835.DAT	22	0.333690	-9.000000	-9.000000	-9.000000	0.768905	1.118747	75.401719	164.262583	0.000005	0.001496	-2.841556	4.674362	0.239951	0.817913	0.332690	0.001010	16.385440	0.669907	0.000005	0.000000	1.339722	0.692413	0.002089	0.048117
DES_SN019856.DAT	1	0.092905	-9.000000	-9.000000	-9.000000	0.452811	0.003076	17.383892	0.093194	0.000159	0.000002	-1.357555	0.065430	-0.263099	0.004605	0.091905	0.000121	13.684265	0.039183	0.000149	0.000002	-1.608507	0.046540	0.287131	0.006615
DES_SN020060.DAT	1	0.468390	0.000015	-0.368330	-0.015691	0.458188	0.004292	25.994248	0.109836	0.000016	0.000000	-0.095743	0.091594	-0.061673	0.008900	0.467390	0.001547	26.081561	0.102202	0.000016	0.000000	-0.080914	0.091262	-0.068230	0.008198
DES_SN020096.DAT	22	0.107640	-9.000000	-9.000000	-9.000000	0.778868	0.002830	33.528113	0.070577	0.000041	0.000000	-0.368475	0.017574	-0.343098	0.002296	0.106641	0.000087	27.512001	0.000046	0.000037	0.000001	2.999991	0.007128	0.483665	0.008807
DES_SN020282.DAT	1	0.287740	-9.000000	-9.000000	-9.000000	0.558393	0.016427	25.495388	0.360796	0.000017	0.000000	-2.095109	0.253278	-0.303208	0.015029	0.286740	0.000381	22.849157	0.256073	0.000019	0.000000	-2.578648	0.251196	0.033750	0.018790
DES_SN020695.DAT	1	0.837580	0.000004	0.664660	0.008654	0.833893	0.008083	28.495468	0.369629	0.000004	0.000000	0.621173	0.282876	-0.043639	0.024278	0.836580	0.000115	-45.648154	0.000004	0.000033	0.000001	0.061289	0.005115	-0.453747	0.008577
DES_SN020838.DAT	1	0.550660	0.000009	1.825400	0.121430	0.639319	0.000010	26.870860	0.000010	0.000009	0.000000	1.899202	0.034134	-0.012969	0.003465	0.549660	0.001908	25.447063	0.202736	0.000009	0.000000	1.839265	0.129434	0.099068	0.010023
DES_SN021190.DAT	1	0.464980	0.000009	1.580200	0.284180	0.616473	0.000001	24.212566	0.000207	0.000010	0.000000	2.078372	0.134133	0.150145	0.011016	0.465980	0.001309	22.592368	0.113258	0.000009	0.000000	1.836270	0.112014	0.331686	0.011201
DES_SN021425.DAT	1	0.655960	-9.000000	-9.000000	-9.000000	0.643789	0.000191	-31.314077	0.010031	0.000021	0.000001	0.008966	0.039074	-0.499695	0.028225	0.654960	0.000428	25.339117	0.622336	0.000006	0.000000	0.156397	0.438147	-0.128647	0.035336
DES_SN021566.DAT	1	0.161520	-9.000000	-9.000000	-9.000000	0.732319	0.007820	29.394535	0.143970	0.000069	0.000001	0.077955	0.026785	-0.356658	0.005406	0.162520	0.001631	24.803607	0.224322	0.000090	0.000002	2.622194	0.426640	0.222739	0.014996
DES_SN021802.DAT	22	0.201900	-9.000000	-9.000000	-9.000000	0.794894	1.067168	-38.728585	129.888404	0.000130	0.001447	0.001053	4.262449	-0.499999	0.614538	0.202900	0.000012	10.935331	0.000000	0.000026	0.000000	3.000000	0.005354	0.418368	0.006530
DES_SN021899.DAT	1	0.665020	0.000006	1.101200	0.088711	0.697894	0.023501	29.270697	0.636155	0.000006	0.000000	1.035463	0.437667	-0.035810	0.035658	0.664020	0.000161	28.853422	0.578718	0.000006	0.000000	1.039719	0.429663	-0.019126	0.033358
DES_SN021981.DAT	1	0.531180	0.000016	0.337110	-0.153200	0.539237	0.006510	26.732967	0.141763	0.000015	0.000000	0.447929	0.094758	-0.115602	0.011076	0.530180	0.000134	26.613971	0.107932	0.000015	0.000000	0.423436	0.092232	-0.103869	0.007588
DES_SN022052.DAT	22	0.122490	-9.000000	-9.000000	-9.000000	0.261209	0.000011	21.905256	0.000332	0.000024	0.000000	1.926758	0.054650	0.096455	0.005720	0.123490	0.000139	20.141188	0.064965	0.000023	0.000000	1.674090	0.065710	0.275067	0.007911
DES_SN022101.DAT	1	0.594640	0.000008	0.056520	0.034615	0.735507	0.012191	26.984695	0.439387	0.000007	0.000000	0.319540	0.329591	0.035109	0.033203	0.593700	0.001451	25.699516	0.415502	0.000006	0.000000	0.421815	0.323855	0.193143	0.028197
DES_SN022106.DAT	1	0.510350	0.000009	0.682930	0.161400	0.660920	0.013103	24.425680	0.604750	0.000008	0.000000	-0.438372	0.355484	-0.088497	0.022395	0.509350	0.000159	22.840383	0.646608	0.000008	0.000000	-0.481364	0.431965	0.096420	0.021014
DES_SN022644.DAT	1	0.579030	0.000009	0.035896	-0.025499	0.586594	0.010987	26.432561	0.325550	0.000010	0.000000	0.357486	0.216577	0.014954	0.021367	0.580030	0.001890	26.350867	0.295842	0.000010	0.000000	0.339665	0.214524	0.022065	0.017845
DES_SN022827.DAT	1	0.607110	-9.000000	-9.000000	-9.000000	0.581325	0.015984	26.768193	0.392738	0.000005	0.000000	-0.298563	0.339140	0.198892	0.033599	0.606110	0.001000	26.853581	0.387016	0.000005	0.000000	-0.396845	0.336371	0.171054	0.030486
DES_SN023008.DAT	22	0.391410	-9.000000	-9.000000	-9.000000	0.603930	0.013012	17.228569	0.695120	0.000005	0.000000	3.000000	0.055669	0.474813	0.040875	0.392410	0.001497	12.809390	0.759539	0.000005	0.000000	2.999987	0.235453	0.500000	0.004000
DES_SN023088.DAT	1	0.788370	0.000006	1.289500	-0.073448	0.834353	0.021449	27.229803	1.033644	0.000006	0.000000	1.010100	0.774021	-0.072628	0.050020	0.789370	0.002000	26.300286	1.021693	0.000006	0.000000	0.549264	0.831359	-0.016740	0.043930
DES_SN023128.DAT	1	0.535830	0.000015	2.002100	-0.069723	0.073080	0.004356	100.000000	1.797426	-0.000026	0.000005	-3.000000	0.789649	0.500000	0.113772	0.536830	0.001003	-0.851226	0.000736	0.000005	0.000000	1.449746	0.449151	0.365011	0.041098
DES_SN023196.DAT	1	0.469570	-9.000000	-9.000000	-9.000000	0.706278	0.010868	28.158972	0.313700	0.000011	0.000000	-0.209322	0.217675	-0.205537	0.014031	0.468570	0.001618	26.068663	0.271448	0.000012	0.000000	-0.072117	0.291894	0.017429	0.022662
DES_SN023274.DAT	1	0.839020	0.000005	0.195840	-0.136620	0.856746	0.000705	-9.781208	0.030501	0.000005	0.000000	0.410928	0.401340	-0.216596	0.052729	0.840020	0.001534	-74.317509	3.675352	0.000056	0.000004	0.026842	0.010747	-0.473170	0.041123
DES_SN023434.DAT	1	0.311460	0.000041	-0.586030	-0.049384	0.719622	0.002651	-66.492914	0.434543	0.000259	0.000003	-0.140412	0.005495	-0.500000	0.000201	0.312460	0.001999	5.060573	0.245814	0.000036	0.000000	-0.169326	0.139644	-0.104194	0.009554
DES_SN023981.DAT	1	0.835810	0.000004	1.502200	0.004310	0.876751	0.000094	27.011501	0.003361	0.000004	0.000000	0.795825	0.527180	-0.054513	0.033612	0.834810	0.001118	26.059237	0.782082	0.000004	0.000000	0.536383	0.576826	0.005374	0.039395
DES_SN023999.DAT	1	0.461570	0.000023	1.045500	-0.126220	0.476568	0.005377	23.750101	0.136518	0.000023	0.000000	1.354382	0.110781	-0.093224	0.006632	0.460570	0.000119	23.628169	0.123721	0.000023	0.000000	1.338927	0.102142	-0.083482	0.005898
DES_SN024011.DAT	1	0.723650	-9.000000	-9.000000	-9.000000	0.450641	0.013579	22.975055	0.587343	0.000005	0.000000	0.453107	0.504509	0.294827	0.042301	0.724650	0.001251	-12.337232	144.587857	0.000003	0.001435	1.303583	3.844450	0.104432	0.738387
DES_SN024119.DAT	1	0.098347	0.000394	-1.716000	0.017168	0.075546	0.000040	17.311693	156.468124	0.000479	0.000000	-1.603702	0.000070	-0.098514	0.000003	0.097347	0.000131	16.747222	0.019316	0.000327	0.000001	-1.567357	0.015639	0.087091	0.003034
DES_SN024254.DAT	33	0.261750	-9.000000	-9.000000	-9.000000	0.887244	0.018761	19.962924	0.600184	0.000004	0.000000	0.318036	0.199800	-0.307310	0.014705	0.260750	0.001284	14.883884	0.438175	0.000004	0.000000	-2.053675	0.600331	0.403588	0.061309
DES_SN024304.DAT	1	0.397910	-9.000000	-9.000000	-9.000000	0.710755	0.000001	-40.357117	0.000060	0.000065	0.000001	0.004946	0.003844	-0.499966	0.000468	0.397435	0.001261	20.004202	146.424005	0.000011	0.001428	-0.963120	3.980327	0.173352	0.740669
DES_SN024458.DAT	1	0.452100	-9.000000	-9.000000	-9.000000	0.668453	0.008624	28.162028	0.609265	0.000009	0.000000	-1.285944	0.510904	-0.148746	0.018539	0.453100	0.001533	26.513798	0.373142	0.000009	0.000000	-1.248126	0.389033	0.047877	0.026368
DES_SN024506.DAT	1	0.581370	-9.000000	-9.000000	-9.000000	0.668663	0.000000	-41.354993	0.000000	0.000050	0.000001	0.020916	0.013206	-0.499991	0.002441	0.580370	0.001813	27.319388	0.365428	0.000008	0.000000	0.680320	0.260442	0.062104	0.019112
DES_SN024936.DAT	32	0.289790	-9.000000	-9.000000	-9.000000	0.531981	0.014835	17.284401	0.494759	0.000005	0.000000	-2.618030	0.390881	0.115974	0.071853	0.288790	0.000317	15.607830	0.009999	0.000004	0.000000	-2.991873	0.011711	0.445774	0.069405
DES_SN025002.DAT	1	0.641240	-9.000000	-9.000000	-9.000000	0.718278	0.014646	22.749994	1.180584	0.000005	0.000000	-1.340767	0.651722	-0.004959	0.036906	0.640240	0.001991	21.822966	0.973039	0.000005	0.000000	-1.296514	0.581638	0.067104	0.034808
DES_SN025039.DAT	1	0.458000	-9.000000	-9.000000	-9.000000	0.712568	0.009155	27.114435	0.272605	0.000010	0.000000	-1.032884	0.226719	-0.181619	0.015996	0.457000	0.001955	25.189526	0.233740	0.000010	0.000000	-0.835088	0.270481	0.070033	0.021606
DES_SN025091.DAT	22	0.168940	-9.000000	-9.000000	-9.000000	0.724649	0.000005	-43.075094	0.000011	0.000165	0.000003	-3.000000	0.001438	-0.127855	0.002928	0.167940	0.000235	22.914914	0.371840	0.000014	0.000000	1.815715	0.140819	0.500000	0.004069
DES_SN025140.DAT	22	0.391710	-9.000000	-9.000000	-9.000000	0.754836	1.117558	-16.663247	0.000037	0.000010	0.000001	2.999715	0.000107	0.043408	0.001641	0.392710	0.001231	15.216535	0.373797	0.000004	0.000000	3.000000	0.020591	0.500000	0.000952
DES_SN025146.DAT	1	0.541550	0.000011	-0.331530	-0.043381	0.538198	0.006169	19.536215	0.140944	0.000011	0.000000	-0.145524	0.113399	-0.062226	0.012698	0.540550	0.000252	19.559041	0.126827	0.000011	0.000000	-0.141828	0.112697	-0.065287	0.009703
DES_SN025376.DAT	1	0.115340	0.000411	0.361230	-0.052374	0.521050	0.001834	23.558595	0.024287	0.000279	0.000001	0.082964	0.013962	-0.427111	0.002035	0.114340	0.001532	18.802884	0.017083	0.000356	0.000002	1.304333	0.026795	0.052600	0.003996
DES_SN025418.DAT	1	0.559750	0.000011	-0.641030	-0.099272	0.684545	0.011589	28.942736	0.293983	0.000010	0.000000	-0.355605	0.197581	-0.152882	0.016350	0.558750	0.001965	27.829487	0.247091	0.000010	0.000000	-0.265142	0.208904	-0.023362	0.017841
DES_SN025428.DAT	22	0.217000	-9.000000	-9.000000	-9.000000	0.781242	0.005679	29.533380	0.199408	0.000010	0.000000	-0.140628	0.039508	-0.355431	0.004090	0.218000	0.000382	24.454033	0.144210	0.000012	0.000000	3.000000	0.016440	0.289256	0.015175
DES_SN025960.DAT	21	0.372570	-9.000000	-9.000000	-9.000000	0.658716	0.006207	23.138306	0.141473	0.000016	0.000000	-0.456410	0.047696	-0.463571	0.005047	0.371570	0.001408	21.427694	0.136107	0.000021	0.000000	3.000000	0.020308	-0.258087	0.011481
DES_SN026052.DAT	1	0.422040	-9.000000	-9.000000	-9.000000	0.685348	0.014292	22.697808	0.619567	0.000016	0.000001	-0.142416	0.430467	-0.179459	0.023180	0.423040	0.001426	19.321167	0.909860	0.000016	0.000001	-0.298717	0.686196	0.043994	0.032747
DES_SN026075.DAT	32	0.536680	-9.000000	-9.000000	-9.000000	0.665756	0.010960	17.270807	0.345913	0.000006	0.000000	-0.916197	0.246920	0.356778	0.026619	0.535680	0.001999	16.510797	0.315095	0.000005	0.000000	-0.895564	0.227175	0.500000	0.031766
DES_SN026183.DAT	22	0.276130	-9.000000	-9.000000	-9.000000	0.755496	0.006228	29.255321	0.170274	0.000011	0.000000	-0.493226	0.053987	-0.412922	0.003614	0.275130	0.000067	24.610404	0.201670	0.000017	0.000000	1.020334	0.250683	-0.098033	0.016842
DES_SN026237.DAT	22	0.228760	-9.000000	-9.000000	-9.000000	0.324576	0.000017	30.628910	0.000299	0.000009	0.000000	3.000000	0.010318	0.113654	0.020339	0.229760	0.001463	29.382339	0.243386	0.000008	0.000000	3.000000	0.018435	0.264795	0.025381
DES_SN026481.DAT	1	0.747620	0.000006	-0.441030	-0.113350	0.755395	0.008339	30.308826	0.272490	0.000006	0.000000	-0.177827	0.178789	-0.100322	0.016559	0.748620	0.002000	30.248988	0.262827	0.000006	0.000000	-0.182079	0.180612	-0.092517	0.013868
DES_SN026600.DAT	1	0.536370	-9.000000	-9.000000	-9.000000	0.928326	0.016674	6.589013	2.529857	0.000005	0.000000	2.999993	4.024584	-0.014157	0.028707	0.535370	0.001835	6.089767	0.003034	0.000004	0.000000	1.916664	0.540453	0.428842	0.043681
DES_SN026756.DAT	1	0.335830	0.000031	-0.044430	0.003766	0.566298	0.005268	24.189258	0.145845	0.000024	0.000000	0.555564	0.126705	-0.273325	0.008767	0.334831	0.001527	21.827158	0.131500	0.000029	0.000000	0.357123	0.120428	0.013397	0.010870
DES_SN026779.DAT	1	0.924610	0.000005	-0.399510	-0.237400	0.842571	0.018285	32.348066	0.682360	0.000004	0.000000	-0.206520	0.492362	-0.048548	0.057327	0.923610	0.001557	33.207896	0.661515	0.000004	0.000000	-0.169090	0.471204	-0.119924	0.030805
DES_SN026826.DAT	32	0.401170	-9.000000	-9.000000	-9.000000	0.524313	0.009756	14.585629	0.155277	0.000011	0.000000	-0.942062	0.107717	0.445558	0.014224	0.400170	0.001816	13.724103	0.100302	0.000011	0.000000	-1.303004	0.078237	0.500000	0.001545
DES_SN026879.DAT	1	0.528910	0.000008	0.588100	0.135160	0.724423	0.005987	23.308805	0.219931	0.000009	0.000000	0.698565	0.197004	-0.065271	0.015257	0.527910	0.001252	21.309576	0.181989	0.000009	0.000000	0.543673	0.172256	0.168042	0.014817
DES_SN027027.DAT	21	0.467670	-9.000000	-9.000000	-9.000000	0.632098	0.015169	5.619495	0.404031	0.000009	0.000000	-0.818501	0.121603	-0.500000	0.013747	0.466670	0.000038	11.040536	0.588109	0.000011	0.000000	2.995663	0.025731	-0.319775	0.011683
DES_SN027091.DAT	1	0.575920	0.000008	0.995430	0.069746	0.636024	0.000069	-21.972493	0.002128	0.000020	0.000001	0.233543	0.089616	-0.438759	0.036047	0.576920	0.001279	8.374840	0.902053	0.000007	0.000000	1.170215	0.557801	0.030382	0.030508
DES_SN027122.DAT	1	0.496790	0.000015	1.525500	-0.015642	0.663367	0.005142	22.662602	0.102776	0.000014	0.000000	1.460234	0.128412	-0.163619	0.008473	0.495791	0.000045	21.085753	0.089831	0.000014	0.000000	1.928632	0.126876	0.054424	0.010086
DES_SN027226.DAT	1	0.824000	-9.000000	-9.000000	-9.000000	0.564644	0.000014	-12.142500	0.004887	0.000005	0.000001	-2.712135	0.610611	0.063483	0.103384	0.825000	0.001123	-7.694104	3.058461	0.000004	0.000000	-1.022710	0.712801	-0.103736	0.091413
DES_SN027444.DAT	1	0.517940	-9.000000	-9.000000	-9.000000	0.689896	0.015015	22.902745	0.333127	0.000008	0.000000	0.017085	0.259045	-0.125783	0.017749	0.516940	0.001466	21.356729	0.232757	0.000009	0.000000	0.008501	0.227266	0.056192	0.019096
DES_SN027505.DAT	1	0.842160	0.000004	1.347700	-0.011825	0.883415	0.012321	30.582443	0.395838	0.000004	0.000000	2.167011	0.251815	-0.033166	0.016445	0.843160	0.001665	29.849047	0.333838	0.000004	0.000000	1.956202	0.229354	0.018641	0.017849
DES_SN027629.DAT	1	0.469480	0.000013	0.945060	0.077130	0.577110	0.000008	26.181441	0.000194	0.000014	0.000000	1.501409	0.107050	-0.070097	0.007683	0.470480	0.001242	24.939616	0.100388	0.000014	0.000000	1.370012	0.099361	0.063218	0.008279
DES_SN028057.DAT	1	0.554740	-9.000000	-9.000000	-9.000000	0.756801	0.000000	-59.880440	0.001950	0.000054	0.000000	-1.096168	0.000001	-0.120227	0.000000	0.555739	0.001010	-1.587189	0.010913	0.000007	0.000000	-0.221988	0.438341	0.014422	0.047819
DES_SN028227.DAT	22	0.510530	-9.000000	-9.000000	-9.000000	0.732297	0.004855	37.637002	0.338175	0.000009	0.000000	3.000000	0.005658	-0.117149	0.010633	0.509530	0.001277	30.625851	147.091202	0.000010	0.001423	2.997354	3.638055	0.023210	0.715530
DES_SN028571.DAT	1	0.441350	-9.000000	-9.000000	-9.000000	0.708807	0.021459	30.553521	0.579759	0.000012	0.000000	-0.403296	0.289530	-0.256834	0.012667	0.440350	0.002000	27.689455	1.145183	0.000012	0.000000	0.395534	1.065883	-0.048281	0.042436
DES_SN028671.DAT	1	0.659460	0.000010	1.505700	-0.124080	0.611792	0.010147	28.023596	0.334738	0.000011	0.000000	1.585187	0.262120	-0.108406	0.018454	0.658460	0.001947	28.411941	0.315481	0.000010	0.000000	1.448025	0.254503	-0.144868	0.015388
DES_SN028934.DAT	1	0.428800	0.000015	1.716400	0.152420	0.535994	0.000005	22.133889	0.000060	0.000014	0.000000	1.444215	0.161557	0.050360	0.014986	0.429800	0.001930	21.339156	0.186762	0.000014	0.000000	1.609285	0.177812	0.182407	0.013864
DES_SN028975.DAT	32	0.512590	-9.000000	-9.000000	-9.000000	0.720759	0.019379	20.435885	0.469064	0.000008	0.000000	-0.863888	0.282832	0.156654	0.041756	0.511590	0.001321	18.742551	0.354037	0.000006	0.000000	-0.702409	0.280026	0.369770	0.026089
DES_SN029053.DAT	33	0.150100	-9.000000	-9.000000	-9.000000	0.630123	0.009253	24.695269	0.340763	0.000008	0.000000	3.000000	0.611703	0.115351	0.042500	0.151100	0.001142	16.911279	0.291079	0.000009	0.000000	-1.084625	0.252660	0.500000	0.002464
DES_SN029492.DAT	1	0.588960	0.000011	1.691700	-0.030487	0.539453	0.036833	19.738930	1.307069	0.000011	0.000000	0.050341	1.223386	-0.003969	0.069005	0.587960	0.001914	19.354901	1.302702	0.000011	0.000000	-0.638254	0.761935	-0.075371	0.019961
DES_SN029516.DAT	1	0.408380	-9.000000	-9.000000	-9.000000	0.793963	0.025216	-8.484120	6.416954	0.000007	0.000001	0.607355	0.681027	0.030970	0.095956	0.408115	0.000107	-17.333618	0.004382	0.000009	0.000001	-1.119675	0.473530	0.312522	0.068981
DES_SN029759.DAT	1	0.615270	-9.000000	-9.000000	-9.000000	0.623666	0.008935	22.222274	0.242365	0.000006	0.000000	0.312051	0.236073	0.010082	0.021890	0.616270	0.001918	22.145212	0.220079	0.000006	0.000000	0.282530	0.231003	0.020560	0.017851
DES_SN029864.DAT	21	0.271540	-9.000000	-9.000000	-9.000000	0.355980	0.004403	21.964336	0.127097	0.000026	0.000000	2.999999	0.194223	-0.260516	0.008369	0.272526	0.000129	21.150955	0.002522	0.000030	0.000000	2.286716	0.083781	-0.168538	0.008065
DES_SN029934.DAT	1	0.482990	-9.000000	-9.000000	-9.000000	0.710284	0.008813	20.622655	0.236705	0.000010	0.000000	-0.105668	0.188847	-0.190144	0.014171	0.481990	0.001245	18.762718	0.190347	0.000010	0.000000	0.504510	0.192552	0.073733	0.015433
DES_SN030018.DAT	1	0.637740	0.000014	-1.455000	-0.339180	0.719251	1.049933	-47.846853	125.949253	0.000074	0.001437	0.028972	4.269215	-0.498579	0.598749	0.636740	0.000021	-21.856826	0.000023	0.000037	0.000001	0.065487	0.016755	-0.500000	0.000319
DES_SN030380.DAT	1	0.474680	-9.000000	-9.000000	-9.000000	0.667584	0.011099	26.778993	0.625493	0.000005	0.000000	-1.267750	0.449298	0.043959	0.035389	0.473681	0.000416	25.162978	0.422554	0.000005	0.000000	-1.814381	0.408944	0.250185	0.035169
DES_SN030441.DAT	1	0.733890	0.000005	1.686000	0.023641	0.771939	0.007115	23.733654	0.314669	0.000005	0.000000	1.392864	0.240447	0.004536	0.018154	0.734890	0.001365	23.184983	0.300077	0.000005	0.000000	1.415625	0.220925	0.058445	0.014212
DES_SN030530.DAT	33	0.290890	-9.000000	-9.000000	-9.000000	0.696941	0.006077	21.718030	0.187058	0.000007	0.000000	2.999992	0.100910	0.296247	0.015269	0.291890	0.000093	16.348307	0.159384	0.000006	0.000000	1.213654	0.142743	0.500000	0.000995
DES_SN030660.DAT	1	0.459820	0.000013	-0.106080	0.072516	0.417014	0.946649	-1.823107	141.647544	0.000006	0.001422	-0.236634	4.210518	0.290022	0.604626	0.458820	0.001937	-6.851492	0.002068	0.000007	0.000000	-0.190987	0.400047	0.164145	0.041099
DES_SN030723.DAT	1	0.414820	0.000016	-0.754550	0.052898	0.764273	0.044667	-19.179705	136.885983	0.000014	0.000841	0.128627	4.534421	-0.196445	0.648479	0.415820	0.001440	-17.692189	0.003741	0.000013	0.000001	-1.060257	0.381568	0.250683	0.056808
DES_SN030736.DAT	22	0.210620	-9.000000	-9.000000	-9.000000	0.344142	0.000013	22.807349	0.000439	0.000013	0.000000	2.999987	0.002606	0.233817	0.007660	0.211620	0.000067	18.788276	0.160031	0.000011	0.000000	2.511839	0.083887	0.500000	0.001338
DES_SN030896.DAT	1	0.723940	-9.000000	-9.000000	-9.000000	0.794692	0.010469	27.961629	0.302627	0.000005	0.000000	-0.039518	0.206278	-0.108300	0.019598	0.724940	0.000158	27.408075	0.303492	0.000005	0.000000	-0.120090	0.238584	-0.027051	0.018929
DES_SN031012.DAT	1	0.341140	-9.000000	-9.000000	-9.000000	0.757108	0.009974	25.144763	0.255430	0.000013	0.000000	1.278750	0.234882	-0.208305	0.013400	0.340140	0.001900	20.939367	0.246093	0.000014	0.000000	1.095573	0.181715	0.226484	0.016027
DES_SN031056.DAT	1	0.873550	0.000004	1.871100	-0.053295	0.837601	0.009766	29.742220	0.371715	0.000005	0.000000	1.809265	0.300079	0.027257	0.031488	0.872550	0.001769	30.413677	0.342326	0.000004	0.000000	2.068288	0.321827	-0.022154	0.021112
DES_SN031139.DAT	22	0.204340	-9.000000	-9.000000	-9.000000	0.908198	0.016958	20.227785	0.780697	0.000005	0.000000	-0.396828	0.244606	-0.266191	0.017665	0.205340	0.001601	13.591299	0.789250	0.000005	0.000000	-1.869880	0.964629	0.499999	0.010064
DES_SN031574.DAT	1	0.139840	-9.000000	-9.000000	-9.000000	0.929583	1.089856	-25.431575	134.845262	0.000147	0.001450	-0.023452	4.256800	-0.247151	0.626063	0.138840	0.000051	-4.910522	0.000287	0.000090	0.000001	-0.276040	0.044559	0.236098	0.006342
DES_SN031693.DAT	1	0.581310	-9.000000	-9.000000	-9.000000	0.585838	0.025736	27.985689	0.480174	0.000006	0.000000	-0.654881	0.385344	0.057333	0.046074	0.582310	0.001322	27.961112	0.442292	0.000006	0.000000	-0.658462	0.380231	0.060601	0.039136
DES_SN031810.DAT	1	0.501240	0.000012	1.104600	0.067344	0.692482	0.012472	-1.550811	0.001016	0.000010	0.000000	0.990518	0.336398	-0.141124	0.021574	0.500240	0.001063	-4.965607	1.801836	0.000011	0.000001	0.741838	0.383454	0.033438	0.032061
DES_SN031833.DAT	1	0.765450	-9.000000	-9.000000	-9.000000	0.826222	0.029224	23.828783	0.456114	0.000004	0.000000	0.872141	0.305168	-0.050201	0.067371	0.766450	0.001690	23.390589	0.310998	0.000004	0.000000	1.106668	0.339566	0.070652	0.025527
DES_SN032247.DAT	1	0.662280	0.000011	1.312100	-0.180670	0.660173	0.010229	25.952462	0.397699	0.000010	0.000000	1.891302	0.408450	-0.138746	0.016208	0.661280	0.001278	25.950198	0.386048	0.000010	0.000000	1.876020	0.383108	-0.139402	0.015308
DES_SN032338.DAT	1	0.473770	0.000014	-1.424900	-0.045549	0.521563	0.011261	25.763856	0.214054	0.000013	0.000000	-1.573602	0.162811	-0.081630	0.019867	0.474645	0.001405	25.279947	122.658326	0.000013	0.001421	-1.570081	5.284861	-0.033934	0.740583
DES_SN032417.DAT	1	0.532140	0.000012	0.162970	-0.030930	0.567588	0.005056	27.208871	0.141849	0.000012	0.000000	0.295902	0.094169	-0.054032	0.007743	0.531140	0.000147	26.804480	0.125409	0.000012	0.000000	0.229101	0.092987	-0.009437	0.005870
DES_SN032769.DAT	22	0.318480	-9.000000	-9.000000	-9.000000	0.791111	0.005398	91.709608	0.111080	0.001000	0.000063	3.000000	0.021978	0.500000	0.004506	0.319480	0.000169	33.365824	0.127094	0.000028	0.000000	3.000000	0.006822	0.102780	0.013412
DES_SN032913.DAT	1	0.544570	-9.000000	-9.000000	-9.000000	0.579355	0.017398	27.829881	0.407615	0.000007	0.000000	-0.383153	0.306630	-0.073985	0.027086	0.543573	0.001665	27.457762	0.348982	0.000007	0.000000	-0.397590	0.312683	-0.040747	0.023416
DES_SN033025.DAT	22	0.445670	-9.000000	-9.000000	-9.000000	0.723080	0.001141	-59.517025	0.003949	0.000163	0.000001	-2.999999	0.001629	-0.158459	0.001969	0.444670	0.000054	19.417125	0.095249	0.000017	0.000000	3.000000	0.000725	-0.025939	0.006255
DES_SN033270.DAT	1	0.514600	-9.000000	-9.000000	-9.000000	0.562898	0.011829	26.658173	0.326088	0.000010	0.000000	0.005759	0.228445	-0.081235	0.023479	0.513600	0.001726	26.179725	0.275017	0.000010	0.000000	-0.102571	0.210057	-0.006262	0.018877
DES_SN033296.DAT	22	0.602590	-9.000000	-9.000000	-9.000000	0.705294	0.000055	36.590683	0.001770	0.000006	0.000000	3.000000	0.016944	-0.133214	0.015338	0.601590	0.001579	37.219825	0.580427	0.000006	0.000000	3.000000	0.017297	-0.124696	0.019404
DES_SN033502.DAT	1	0.878870	0.000005	-0.662140	-0.219870	0.817674	0.006909	29.600810	0.296887	0.000005	0.000000	-0.629980	0.177390	-0.107265	0.016445	0.877870	0.001427	30.634123	0.302102	0.000005	0.000000	-0.162392	0.147818	-0.170597	0.010050
DES_SN033686.DAT	1	0.356150	-9.000000	-9.000000	-9.000000	0.399119	0.002101	21.954867	0.092610	0.000021	0.000000	1.078677	0.087595	-0.025537	0.007560	0.355150	0.001873	21.463207	0.090773	0.000021	0.000000	1.082942	0.083200	0.051510	0.007035
